[demo001]
Content=15,5,75,14,5,10,13,5,13,13,6,7,13,7,2,13,8,2,14,9,3,14,10,24,14,11,3,13,11,25,13,12,20,12,12,38,13,12,23,134,13,12,123,12,12,8,11,12,7,10,12,6,9,12,7,8,12,4,7,12,7,6,12,18,5,12,15,4,12,13,3,12,7,2,12,18,1,12,10,1,13,16,2,13,3,3,13,6,4,13,3,4,14,3,5,14,11,6,14,7,7,14,17,8,14,5,8,15,4,9,15,11,10,15,9,11,15,7,12,15,2,13,15,1,14,15,4,15,15,3,15,14,24,16,15,2,17,15,4,18,16,10,19,16,16,19,15,10,20,15,42,21,15,33,20,15,21,133,20,15,79,21,15,8,22,15,6,23,15,9,24,15,5,25,15,8,25,14,5,26,14,18,27,14,44,26,13,10,26,12,20,25,12,12,24,12,7,23,12,4,22,12,5,21,12,4,20,12,8,19,12,10,18,12,11,17,12,53,18,12,5,19,12,7,20,12,1,20,11,14,21,11,9,21,10,16,21,9,11,21,8,7,20,8,7,20,7,8,19,7,4,19,6,6,18,6,4,18,5,14,17,5,6,17,4,8,16,4,11,16,3,11,15,3,24,15,2,6,14,2,8,15,2,6,16,2,7,17,2,12,17,1,3,16,1,25,17,1,33,255,0
Draws=56,47,19,36,73,93,30,35,47,24,69,7,36,88,73,98,97,53,0
GameName=Initiation
Height=20
Hint=
Layout=\s              Z                            Z                          Z                            Z                         RZ                         ZXXZ                       Z    Z                     Z      Z                   Z        Z            HTTTTZ          ZTTTTH      H    H          H    H      HN N HEN N  N NEH N NH    HMXMXMXMXMXMFXMXMXMXMXMH   NHN                    NHN  HHH NN  NN     NN   NN HHH MXMXMXMXMXMXMXMXMXMXMXMXMXMXXXXXXXXXXXXXXXXXXXXXXXXXXXXX                                                                                   \s
Level=4
Lives=5
Name=Drop In and Say Hello
Owner=0
Prefix=plws
Rules=84
Score=0
Width=28

[demo002]
Content=11,8,75,11,9,6,10,9,5,10,10,10,9,10,23,8,10,13,8,9,3,7,9,14,6,9,11,5,9,5,4,9,9,3,9,11,2,9,8,2,8,1,1,8,13,1,7,6,1,6,7,1,5,5,1,4,4,1,3,5,1,2,6,2,2,1,2,1,27,3,1,51,4,1,13,5,1,3,6,1,4,7,1,6,8,1,2,9,1,3,10,1,7,11,1,68,11,2,8,11,3,10,11,4,42,12,4,42,13,4,2,13,5,12,14,5,6,14,6,9,15,6,6,15,7,1,15,6,4,16,6,1,16,7,1,17,7,8,18,7,1,18,8,5,18,9,10,19,9,2,19,10,4,20,10,16,21,10,7,22,10,10,23,10,7,24,10,23,25,10,15,26,10,14,27,10,18,28,10,100,28,9,4,28,8,4,28,7,3,28,6,6,28,5,8,28,4,8,28,3,9,28,2,17,28,1,6,27,1,22,26,1,13,25,1,10,24,1,14,23,1,11,22,1,29,22,2,5,22,3,6,22,4,6,22,5,54,23,5,28,134,23,5,180,22,5,9,22,6,8,22,7,9,22,8,4,22,9,9,22,10,15,21,10,11,20,10,12,19,10,8,18,10,5,17,10,1,17,11,4,16,11,2,16,10,5,15,10,7,14,10,7,14,11,10,14,12,19,134,14,12,1,15,12,6,14,12,21,13,12,5,13,13,15,13,14,11,13,15,3,12,15,19,11,15,6,11,14,5,10,14,7,134,10,14,2,10,15,9,10,14,1,9,14,6,8,14,5,8,15,12,8,16,5,9,17,1,11,17,24,10,17,1,9,17,1,8,17,1,7,17,1,6,18,1,5,18,1,5,19,3,4,19,16,5,19,13,6,19,10,7,19,6,8,19,6,9,19,7,10,19,6,11,19,5,12,19,6,13,19,6,14,19,8,15,19,16,16,19,16,17,19,24,18,19,13,19,19,171,20,19,34,21,19,32,22,19,25,23,19,9,24,19,7,25,19,3,25,18,6,26,18,9,27,18,9,28,18,1,28,17,9,28,16,9,28,15,9,27,14,9,26,14,13,25,14,9,24,14,6,23,14,6,22,14,5,21,14,10,20,14,24,19,14,11,18,14,1,18,15,10,17,15,17,16,15,42,134,16,15,16,17,15,19,134,17,15,53,16,15,6,15,15,1,15,14,1,14,14,11,13,14,10,13,13,9,13,12,6,13,11,6,13,10,1,14,10,6,14,9,4,15,9,12,16,9,4,16,8,3,17,8,6,18,8,4,19,8,11,20,8,21,20,9,4,21,9,2,21,8,3,22,8,3,23,8,12,24,8,5,25,8,7,26,8,6,26,7,7,27,7,14,27,6,6,28,6,23,28,5,13,28,4,10,28,3,11,28,2,5,27,2,7,27,1,16,26,1,21,25,1,10,24,1,7,23,1,3,22,1,8,21,1,9,20,1,10,19,1,11,18,1,22,17,1,28,16,1,40,16,2,7,16,3,1,17,3,5,17,4,13,17,5,94,18,5,15,19,5,8,19,4,9,20,4,14,21,4,18,21,5,6,21,6,6,21,7,4,21,8,6,21,9,6,22,9,11,22,10,7,23,10,11,24,10,13,25,10,8,26,10,12,27,10,5,27,9,11,28,9,5,28,8,19,28,7,16,28,6,8,28,5,6,28,4,10,28,3,11,28,2,13,28,1,42,255,0
Draws=0
GameName=KGoldrunner
Height=20
Hint=
Layout=\sTTTTTTTTTTTTTTTTTTTTTTTTTT H                          HH    E                     HH                          HH  M  ZM MN ZM M ZM M ZM   HH  M  ZM MM ZM M ZM MNZM   HH  M  ZM MZMZM M ZM ZMM    HH  M  ZM MRZFM MNZM M ZM   HH  MMMZM M  ZM MMMM M ZM   HH                          HHN                    N    HMMMMMMMMH       HMMMMMMMMMMM        MMMMHMMMM                       H           E               H               HMMMMMMMMMMMMMMMMMMMMMMMMMMHH                          HH                          HH    N        N            HMMMMMMMMMMMMMMMMMMMMMMMMMMMM
Level=2
Lives=5
Name=
Owner=0
Prefix=kgr
Rules=75
Score=0
Width=28

[demo003]
Content=14,11,75,15,10,54,14,10,1,13,9,1,12,8,2,11,7,1,10,7,2,9,7,9,9,8,7,10,9,5,10,10,2,9,11,4,10,12,1,10,13,17,11,13,4,11,14,2,12,14,14,12,13,3,11,13,7,12,13,3,12,12,9,12,11,5,11,10,8,11,9,15,11,8,5,10,8,10,10,9,17,10,10,6,10,11,6,10,12,8,10,13,1,11,13,7,11,14,21,133,11,14,66,12,14,4,12,13,1,13,13,8,14,13,5,14,12,5,15,12,9,15,11,2,16,11,8,16,10,8,16,9,3,17,9,7,17,8,13,17,7,1,16,7,6,17,7,26,17,6,14,17,7,14,17,8,2,17,9,1,17,10,2,16,10,1,16,11,4,16,12,1,16,13,1,17,14,2,17,15,1,18,15,20,17,15,67,134,17,15,87,16,14,2,15,14,6,14,14,3,14,15,8,13,15,8,12,15,6,11,15,1,11,14,8,10,14,16,9,14,2,9,15,106,9,14,6,9,13,5,9,12,5,9,11,3,9,10,7,9,9,4,8,9,1,8,8,12,8,7,20,8,6,15,7,6,24,7,7,7,7,8,4,7,9,5,7,10,3,8,10,1,8,11,6,8,12,11,8,13,7,8,14,10,8,15,15,8,16,13,8,17,76,133,8,17,90,9,17,4,10,17,5,11,17,3,12,17,4,12,16,3,13,16,6,14,17,4,15,17,7,16,17,3,17,17,8,18,17,19,19,17,58,19,16,1,20,16,2,20,15,4,20,14,2,20,13,3,20,12,1,20,11,2,20,10,2,20,9,5,20,8,1,21,8,5,21,7,5,20,7,12,20,6,14,21,6,11,21,5,40,21,4,15,22,5,6,22,6,3,22,7,1,22,8,1,21,8,1,21,9,1,21,10,3,20,11,2,20,12,2,20,13,6,20,14,6,20,15,1,21,15,11,20,15,1,20,16,15,21,17,22,21,18,16,20,18,12,20,19,131,134,20,19,76,19,19,2,18,18,7,17,18,9,16,18,3,15,18,5,14,18,2,13,18,5,12,18,1,11,18,2,10,18,2,9,18,2,9,17,6,8,17,7,7,17,7,6,17,53,5,17,15,5,16,8,5,15,5,5,14,6,5,13,12,5,12,8,5,11,8,5,10,9,5,9,10,5,8,1,6,8,7,6,7,15,6,6,15,7,5,6,7,4,35,6,4,6,5,4,18,4,4,6,4,5,4,4,6,2,4,7,3,4,8,2,4,9,2,4,10,2,4,11,2,4,12,7,5,13,5,5,14,2,5,15,1,6,15,8,6,16,5,5,16,4,5,17,16,5,18,48,5,19,62,4,19,7,4,20,3,3,20,17,2,20,11,1,20,11,1,19,22,1,18,3,1,17,3,1,16,3,1,15,5,1,14,1,2,14,2,2,13,4,2,12,3,2,11,1,3,11,1,3,10,2,3,9,2,3,8,1,4,7,1,4,6,1,5,6,61,4,6,3,3,5,2,2,5,8,2,4,2,1,4,8,1,3,19,1,2,20,1,1,19,2,1,20,3,1,12,3,2,133,4,2,19,4,1,10,5,1,138,6,1,20,7,1,12,8,1,2,8,2,11,9,2,20,10,2,14,10,3,6,11,3,4,12,3,8,13,3,14,12,3,9,12,2,18,13,2,3,13,1,12,14,1,4,15,1,2,16,1,32,17,1,10,18,1,16,19,1,4,20,1,9,21,1,8,22,1,9,22,2,3,23,2,12,24,2,13,24,1,8,25,1,52,26,1,106,27,1,15,28,1,22,28,2,6,28,3,21,28,4,7,28,5,3,28,6,5,28,7,9,28,8,8,28,9,7,28,10,5,28,11,9,28,12,4,28,13,6,28,14,7,27,15,4,27,16,7,27,17,10,28,17,2,28,18,9,28,19,15,27,19,7,27,20,27,26,20,10,25,20,11,24,20,7,23,20,9,22,19,15,21,19,7,21,18,10,21,17,4,21,16,8,21,15,10,21,14,6,22,13,6,22,12,6,22,11,5,22,10,10,22,9,16,22,8,12,22,7,11,22,6,20,22,5,15,23,5,11,24,5,19,24,6,3,24,7,3,24,8,1,24,9,2,24,10,7,24,11,3,24,12,5,24,13,16,24,14,17,23,14,2,23,15,14,23,16,20,23,17,11,24,17,10,25,17,10,26,17,8,27,17,8,27,16,6,27,15,1,28,15,5,28,14,7,28,13,7,28,12,2,27,12,5,27,11,6,27,10,9,27,9,11,27,8,11,27,7,7,27,6,6,27,5,10,27,4,13,26,4,1,26,3,60,26,4,3,25,5,2,25,6,6,26,6,1,26,7,10,26,8,16,26,9,10,25,9,9,25,10,16,25,11,17,25,12,18,25,13,20,25,14,8,24,14,22,24,13,7,24,12,3,25,12,11,26,12,7,26,11,4,25,11,12,24,11,9,24,10,11,25,10,5,25,9,4,26,9,2,25,9,3,25,8,1,24,8,7,24,7,2,23,7,8,23,6,5,24,6,1,24,5,7,25,5,2,25,4,11,26,4,4,25,4,4,25,3,15,24,3,6,24,2,8,23,2,10,22,2,7,21,2,8,20,2,4,19,2,8,18,2,8,17,2,16,16,2,17,15,2,48,14,2,18,14,3,6,14,4,3,14,5,3,14,6,2,15,6,1,15,7,6,15,8,8,15,9,8,14,9,18,14,10,10,13,10,15,12,10,10,12,9,7,11,9,6,11,8,15,10,8,14,10,9,9,10,10,7,11,10,3,11,11,13,11,12,65,12,12,57,13,12,1,13,13,17,134,13,13,12,12,13,17,12,14,2,13,14,12,14,14,13,15,14,4,15,15,32,133,15,15,15,16,15,22,17,15,3,17,16,4,18,16,15,19,16,2,19,15,9,19,14,6,20,14,1,20,13,6,20,12,9,20,11,6,20,10,7,20,9,5,20,8,3,19,8,4,19,7,7,19,6,10,19,5,14,19,4,40,20,4,9,20,5,12,21,5,3,21,6,6,21,7,5,21,8,3,21,9,7,21,10,5,21,11,7,21,12,1,20,12,6,20,13,10,20,14,58,20,15,49,20,16,3,19,16,7,18,16,10,17,16,3,17,17,5,16,17,7,15,17,7,14,17,6,13,17,4,12,17,1,12,18,4,11,18,5,10,18,1,10,17,1,9,17,6,8,17,8,7,17,9,6,17,3,6,16,21,6,15,1,5,15,16,5,14,8,6,14,2,6,13,7,6,12,6,6,11,6,6,10,6,6,9,12,6,8,7,6,7,4,5,7,1,5,6,12,6,6,4,6,5,6,5,5,15,6,5,35,6,4,255,6,4,212,6,5,8,6,6,5,6,7,8,6,8,14,6,9,9,6,10,13,6,11,25,6,12,255,6,12,9,6,11,63,6,12,59,6,11,24,6,10,11,6,9,66,6,8,11,6,7,9,6,6,11,6,5,33,6,4,171,5,4,8,4,4,8,4,5,4,5,5,1,5,6,5,5,7,6,5,8,3,5,9,8,5,10,7,5,11,5,5,12,7,5,13,11,5,14,16,5,15,7,5,16,10,5,17,11,5,18,2,4,18,12,5,18,2,5,19,3,4,19,14,4,20,7,3,20,15,2,20,8,1,20,10,1,19,17,1,18,8,1,17,6,1,16,5,1,15,4,1,14,3,1,13,3,1,12,2,1,11,2,1,10,2,1,9,3,1,8,3,1,7,4,2,6,3,1,5,2,1,4,8,1,3,10,1,2,3,2,2,7,2,1,103,255,0
Draws=0
GameName=State Of Terror
Height=20
Hint=Work your way out of the spiral, digging to trap enemies just before you emerge from the tunnels.\nProceed up to the top left. As you run right, drop into the zig-zag area before the enemy does, so as to get to the top side at the right. After collecting the gold, dig to trap enemies at the bottom, then exit at the top left.
Layout=\s    MMMM            E      HFHM      MHXXXXXXXXXXXXXXXFHFHMMMM MMMHX              FHFHM  M    HXNMH MMMMMMMHFHFHFHMFHMMMM HXNMH M  M   HFHFHFHMFHM  M HXNMMMMHFMHF HFHFHFHMFHMFHMMMMNM  MHFMHFH FHFHFHMFHMFHM  MNMHFMHFMHFH FHFHFHMFHMFHMFHMNMHFMHFMHF HFHFHFHMFHMFHMFHMNMHFMHFMHF HFHFHFHMFHMFHMFH RMHFMHFMHFH FHFHFHMFHMFHMFXXXMHFMHFMHFH FHFHFHMFHMFHMF  E HFMHFMHF HFHFHFHMFHMFHMXMXXXXFMHFMHF HFHFHFHMFHMFH    E  FMHFMHFH FHFHFHMFHMFXXXXXXXMXMHFMHFH FHFHFHMFHMF     E    HFMHFMMMHFHFHMFHMXMXXXXXXXXXXFMHF   HFHMFMFH       E     FMHMMMMMFH   FMMMMMMMMMMMMMMMMH  E  F
Level=3
Lives=5
Name=The Spiral
Owner=0
Prefix=sot
Rules=75
Score=0
Width=28

[demo004]
Content=134,5,1,16,4,1,3,4,2,42,3,2,2,3,3,20,4,3,5,5,3,5,6,3,13,7,3,35,7,4,9,7,5,10,7,6,13,7,5,5,7,4,12,134,7,4,14,6,4,3,6,5,15,6,6,20,6,7,44,5,7,18,5,8,12,134,5,8,21,4,8,16,4,9,6,4,10,7,4,11,9,4,12,1,5,12,10,5,13,30,5,14,37,5,15,1,6,15,14,7,15,20,8,15,10,9,15,18,10,15,37,133,10,15,155,11,15,20,133,11,15,41,12,15,9,13,15,7,13,14,3,14,14,32,134,14,14,9,15,14,18,133,15,14,87,16,14,15,17,14,3,17,13,5,17,12,7,17,11,1,18,11,2,18,10,7,18,9,7,17,8,7,17,7,6,17,6,7,17,5,14,17,4,1,16,4,71,15,4,28,14,4,15,14,5,1,15,5,2,15,6,1,16,6,2,16,7,4,17,7,22,18,7,22,18,6,22,18,5,16,18,4,8,19,4,10,19,3,9,20,3,11,20,4,9,21,4,11,22,4,17,23,4,24,24,4,18,134,24,4,11,23,4,9,22,4,13,23,4,4,23,5,4,22,5,15,21,5,36,22,5,6,23,5,9,24,5,6,24,6,3,25,6,18,24,6,2,24,7,8,24,8,6,24,9,4,24,10,3,24,11,6,24,12,21,24,13,3,23,13,26,24,13,12,24,14,27,24,15,1,23,15,37,24,15,8,25,15,6,26,14,5,27,14,23,27,15,1,27,14,10,27,13,7,28,12,6,28,11,3,28,10,7,28,9,6,28,8,6,28,7,10,28,6,13,28,5,9,28,4,25,28,3,48,28,2,10,28,1,46,255,0
Draws=29,28,45,92,27,78,82,70,23,37,46,46,20,4,4,13,10,2,16,6,6,5,18,12,9,15,2,13,5,6,1,1,3,4,6,1,4,3,2,1,0
GameName=Initiation
Height=20
Hint=
Layout=\s   R            E         ZMMMMMMMMMHMMMMMM           ZMMNNNNNMMH                 ZMMMMMMMMMH         NNNN    Z         H    NXHXXMMMMMMMMZ         H    N H   NNN    Z         H    N HMMMMMMFFHEZ    NN   H    N HMMMMMMFFMMHHXMMMMMMMMMHHHHHH TTTTTTTTTHHTTTTTTTTTTTTTTTH TTTTTTTTTHH               H      N   HH               H      N   HH               H      N   HH               H      N   HH  NN   E       H     NNN  HMMMMMMMMMMMMMMMMMMMMMMMMMMMMXXXXXXXXXXXXXXXXXXXXXXXXXXXX                                                                                   \s
Level=7
Lives=7
Name=Take It Easy!
Owner=0
Prefix=plws
Rules=84
Score=56925
Width=28

[demo005]
Content=1,1,75,2,1,4,3,1,6,4,1,32,4,2,2,4,3,2,5,4,2,6,4,12,7,4,4,8,5,4,9,5,23,10,5,1,10,6,18,11,6,14,12,6,3,13,6,7,14,6,74,15,6,63,14,6,11,14,7,11,134,14,7,25,13,7,16,13,8,18,12,8,21,133,12,8,13,13,8,10,14,8,16,15,8,29,14,8,8,13,8,7,12,8,6,11,8,8,10,8,1,10,9,10,9,9,21,8,9,30,8,10,12,8,11,11,8,12,64,134,8,12,24,9,12,28,134,9,12,17,8,12,9,8,13,5,7,13,33,133,7,13,31,8,13,30,134,8,13,32,7,13,26,133,7,13,28,6,13,28,133,6,13,67,5,13,49,4,13,109,3,12,2,2,12,4,1,12,28,1,11,20,1,10,9,1,9,12,1,8,8,1,7,9,1,6,8,1,5,10,1,4,16,2,4,47,3,4,57,3,5,6,4,5,18,4,6,43,4,5,1,5,5,9,6,5,3,7,5,7,8,5,9,9,5,9,10,5,15,11,5,28,12,5,16,13,5,5,13,4,2,14,4,8,15,4,34,16,4,18,16,5,13,17,5,19,17,6,8,16,6,20,16,7,11,17,7,24,17,8,6,17,9,8,17,10,40,133,17,10,19,18,10,17,18,11,10,18,12,9,18,13,82,17,13,14,17,14,34,17,13,110,17,12,10,16,11,14,15,11,10,15,12,15,14,12,12,14,13,26,13,13,9,12,13,20,11,13,198,11,12,7,11,11,1,12,11,12,13,11,9,14,11,7,14,12,20,14,13,16,15,13,4,16,13,96,17,13,119,17,12,6,17,11,12,16,11,6,15,11,5,14,11,7,13,11,7,12,11,17,11,11,27,10,11,3,10,12,32,10,13,7,11,13,174,11,12,8,12,12,1,12,11,11,13,11,12,14,12,11,15,12,10,16,12,11,17,12,54,17,13,30,133,17,13,19,18,13,16,18,14,22,17,14,15,16,14,14,15,14,27,14,14,22,134,14,14,33,13,14,10,13,15,3,12,15,16,11,15,41,134,11,15,15,10,15,9,9,15,12,9,16,8,10,16,21,9,16,13,8,16,10,7,16,23,6,16,8,5,16,7,4,16,4,3,15,6,2,15,2,1,14,6,1,13,4,1,12,5,1,11,30,1,10,9,1,9,9,1,8,6,1,7,17,2,7,3,2,6,31,3,5,36,4,5,5,4,4,51,5,4,16,5,5,8,6,5,21,6,6,9,7,6,4,7,5,10,8,5,21,9,5,37,10,5,21,11,5,13,12,5,5,13,5,7,14,5,14,15,5,21,16,5,33,17,5,26,18,5,13,18,6,2,19,6,26,19,7,10,20,7,23,20,8,15,19,8,1,19,9,33,20,9,27,20,10,2,21,10,14,21,11,14,21,12,24,21,13,29,134,21,13,17,20,13,17,20,14,13,20,15,7,20,16,21,19,16,9,18,16,28,134,18,16,41,19,16,55,133,19,16,198,20,16,23,20,17,8,20,18,55,19,18,76,19,17,17,20,17,18,20,18,9,134,20,18,16,19,18,8,18,18,9,17,18,10,17,19,10,16,19,19,15,19,35,16,19,9,17,19,10,18,19,14,19,19,17,18,19,32,134,18,19,34,19,19,45,134,19,19,18,20,19,210,20,18,101,19,18,1,19,17,4,18,17,21,17,17,11,16,17,10,15,17,7,14,17,3,14,16,7,13,16,12,12,16,2,12,17,28,11,17,21,11,16,11,134,11,16,25,10,16,51,10,17,3,9,17,6,8,17,3,7,17,10,7,16,1,8,16,23,7,16,1,6,16,14,5,16,10,4,16,7,3,16,13,2,16,7,1,16,16,1,15,22,1,14,15,1,13,10,1,12,13,1,11,7,1,10,7,1,9,8,1,8,7,1,7,17,1,6,12,2,6,12,2,5,7,3,5,30,4,5,36,5,5,34,6,5,19,7,5,16,8,5,8,9,5,6,10,5,11,11,5,4,12,5,14,13,5,12,14,5,20,15,5,39,16,5,24,17,5,25,18,5,26,19,5,1,19,6,12,20,6,20,21,6,21,21,7,8,22,7,19,22,8,12,22,9,16,22,10,9,23,10,18,23,11,13,23,12,3,22,12,5,22,13,18,23,13,20,23,14,12,24,14,36,24,15,1,23,15,21,23,16,10,24,16,26,133,24,16,21,23,16,23,133,23,16,16,24,16,43,133,24,16,19,25,16,21,134,25,16,15,24,16,27,133,24,16,44,23,16,16,23,17,9,133,23,17,17,22,17,5,22,18,1,21,18,8,21,19,9,20,19,3,20,18,28,19,18,16,18,18,13,18,17,5,17,17,12,16,17,26,15,17,17,14,17,9,13,17,9,12,17,11,11,17,9,11,16,17,10,16,10,134,10,16,18,9,17,7,9,18,1,8,18,7,7,18,11,6,18,14,5,18,1,5,19,49,4,19,26,3,19,11,2,19,17,1,19,8,1,18,12,1,17,6,1,16,43,1,17,47,1,16,16,1,15,10,1,14,7,1,13,8,1,12,7,1,11,7,1,10,5,1,9,6,1,8,12,1,7,14,1,6,4,2,6,24,3,6,40,4,6,19,5,6,5,6,5,11,7,5,14,8,5,22,9,5,19,9,4,24,10,4,17,11,4,17,12,4,10,13,4,13,14,4,12,15,4,40,15,5,2,16,5,13,17,5,9,17,6,8,17,7,43,18,7,4,18,8,11,19,8,21,20,8,12,20,9,25,21,10,9,20,10,6,20,11,7,21,11,4,21,12,38,133,21,12,20,21,11,12,21,12,3,22,12,24,22,13,28,23,13,6,23,12,21,134,23,12,23,134,23,12,27,134,23,12,42,22,12,1,22,13,10,22,14,8,22,15,9,22,16,1,23,16,7,23,17,2,22,18,7,22,19,9,23,19,19,24,19,21,134,24,19,155,24,18,9,23,18,7,22,18,7,21,18,6,20,18,8,20,17,3,19,17,9,18,17,6,17,17,15,16,17,14,15,17,11,14,17,8,13,17,18,12,17,5,12,16,74,11,16,31,134,11,16,13,10,16,5,10,17,1,9,17,5,9,18,1,8,18,8,8,19,1,7,19,18,6,19,14,5,19,20,4,19,73,134,4,19,50,5,19,33,134,5,19,135,5,18,4,4,18,10,3,18,11,2,18,13,1,18,4,1,17,13,1,16,9,1,15,7,1,14,6,1,13,6,1,12,6,1,11,5,1,10,3,1,9,2,2,9,3,2,8,7,2,7,11,2,6,18,2,5,91,3,5,23,3,6,17,4,6,29,5,6,11,6,6,11,7,6,11,8,6,8,9,6,8,10,6,8,10,5,2,11,5,7,12,5,7,13,5,12,14,5,4,14,6,20,15,6,35,15,7,9,16,7,7,16,8,4,16,7,4,17,7,7,18,7,6,19,7,13,20,7,24,21,7,15,22,7,1,23,8,2,24,8,8,25,8,26,26,8,22,27,8,11,28,8,24,28,9,68,28,10,67,28,11,48,28,12,34,28,11,8,28,10,8,28,9,6,28,8,10,28,7,9,28,6,14,28,5,15,28,4,19,28,3,49,28,2,27,28,1,113,255,0
Draws=97,48,76,65,16,33,65,90,52,44,62,75,75,77,47,21,27,51,87,46,26,68,88,39,3,83,35,67,9,7,45,78,99,20,17,4,16,19,3,6,16,13,11,12,17,12,13,2,11,3,6,10,8,7,5,3,1,4,3,1,1,0
GameName=Curse of the Mummy
Height=20
Hint=The Pyramid of Djoser (Zoser), or step pyramid (kbhw-ntrw in Egyptian) is an archeological remain in the Saqqara necropolis, Egypt, northwest of the city of Memphis.\n\nTo complete this level, it is important to proceed in steps: first free the mummy on the left side of the second level (from the bottom), allowing it to drop into and fill the hidden pit on the ground level.\n\nNow enter the right side of the second level and move across the pole, over the mummy, and get the piece of treasure in the middle, being sure to dig out the brick to the left of the middle.\n\nThe mummy on the third level is a bit problematic because it will take a piece of treasure and carry it.  You may get lucky and find that it abandons its treasure at some point, but you can also trap him in the one diggable brick on the right with careful timing.\n\nFinally, before getting the last piece of treasure, be sure to open the bottom right of the step pyramid to allow the mummies on the right to enter the pyramid - if there is more than one mummy on the bottom right before the escape ladder appears, you will be unable to reach the exit.
Layout=R                          Z                           ZH                          ZH                          ZH                          ZHTTTTTTTTTTTT              ZH                         TZH           MMMM           ZH          HMNNMZ          ZH          HMEEMZ          ZH       ZMMXMXXMXMMZ       ZH       ZX TT TT TXZ       ZH       ZMH NHNEHNMZ       ZH    ZMMMMMXXMXXMMMMMMZ    ZH    ZMM        TTTTMMZ    ZH    ZMM   EMNME   NMMZ    ZH  MMMFMMMMMMMMMMMMMMMMMM  ZH  MM      TTTTTTT   N MM  ZH       HM E  N   MH   MMEEZMMMMMMFMMMMMMMMMMMMMMMMMMMMM
Level=2
Lives=3
Name=The Pyramid of Djoser
Owner=0
Prefix=CM
Rules=84
Score=1500
Width=28

[demo006]
Content=1,9,75,2,9,26,134,2,9,31,2,10,20,134,2,10,21,1,10,21,1,11,8,1,12,7,1,13,8,1,14,38,1,15,3,1,16,1,2,16,11,3,16,27,4,16,13,5,16,19,5,15,8,5,14,13,4,14,6,4,13,12,3,13,14,3,12,22,3,11,8,4,11,17,4,10,9,3,10,8,3,9,10,4,8,10,5,8,14,6,8,13,7,8,2,7,9,32,7,10,10,7,11,17,6,11,21,5,11,5,5,12,11,6,12,1,6,13,4,7,13,13,8,13,17,9,13,7,9,14,3,10,14,17,11,14,12,11,15,30,10,15,12,10,14,1,11,14,19,11,13,14,12,13,1,12,12,19,13,12,29,14,12,9,14,11,39,14,10,29,14,9,19,14,8,1,13,8,22,12,8,21,11,8,14,10,8,12,9,8,44,10,8,10,11,8,2,11,9,15,11,10,10,11,11,16,10,11,21,9,11,24,9,12,9,9,13,25,10,13,9,11,13,17,11,12,8,12,12,35,13,12,31,14,12,3,14,11,10,14,10,3,15,10,9,15,9,117,16,9,24,133,16,9,28,15,9,28,16,9,172,17,9,42,17,10,15,17,11,8,17,12,24,133,17,12,31,16,12,27,133,16,12,215,16,13,255,16,13,81,17,13,16,18,13,26,17,13,9,16,13,9,16,14,5,15,14,20,15,15,1,16,15,22,133,16,15,15,17,15,23,18,15,24,17,15,10,16,15,9,16,14,13,16,13,2,17,13,21,18,13,28,19,13,2,19,12,18,19,11,3,20,11,33,21,11,29,21,10,2,20,10,2,19,10,6,18,10,20,17,10,10,17,9,3,18,9,9,19,8,43,20,9,4,21,9,15,22,9,66,21,10,3,21,11,5,21,12,4,22,13,36,134,22,13,14,21,13,2,21,14,16,21,15,10,22,15,7,22,16,3,23,16,11,24,16,9,24,15,20,24,14,8,25,14,19,26,14,1,26,15,22,26,14,1,27,14,4,26,14,16,26,13,2,25,13,29,24,13,11,24,12,8,23,12,11,23,11,8,23,10,6,23,9,4,24,9,7,25,9,2,25,10,3,26,10,16,27,10,45,134,27,10,17,28,10,22,28,11,3,27,11,3,28,12,2,28,13,8,28,14,23,28,15,30,27,15,14,26,15,10,26,14,4,25,14,10,25,13,38,24,13,10,24,12,10,23,12,16,23,11,4,22,11,12,22,10,5,23,10,16,24,10,12,25,10,16,26,10,10,26,11,12,26,12,10,26,13,19,26,14,20,26,13,2,25,13,27,24,13,12,24,12,6,23,12,10,23,11,19,23,10,8,24,10,86,25,10,3,26,10,13,27,10,5,27,9,1,28,9,4,28,8,32,28,7,23,28,6,1,27,6,32,27,5,13,27,4,18,26,4,27,26,5,78,134,26,5,111,27,5,10,28,5,5,27,5,3,27,4,22,27,5,74,26,5,35,26,6,41,134,26,6,162,25,6,2,24,6,3,24,7,10,23,7,30,23,6,15,23,5,11,24,5,6,24,4,28,24,3,15,25,3,23,26,3,26,27,2,2,28,2,11,28,1,17,27,1,25,26,1,16,25,1,20,24,1,17,23,1,24,22,1,27,21,1,3,21,2,31,21,3,18,21,4,38,134,21,4,255,21,4,29,20,4,12,19,4,14,20,5,13,20,6,53,134,20,6,255,20,6,6,19,6,4,19,7,8,18,7,15,17,7,22,133,17,7,21,16,7,14,15,7,15,133,15,7,17,14,7,10,13,7,10,12,7,18,11,7,20,12,7,10,13,7,255,13,7,249,13,6,8,13,5,6,13,4,6,14,4,56,13,4,10,13,3,22,13,2,5,14,2,12,15,2,19,16,3,14,17,3,24,17,4,22,16,4,14,15,4,16,14,4,21,14,5,3,13,5,9,13,4,10,12,4,9,12,3,41,11,3,11,10,3,8,9,2,25,8,2,34,9,2,1,9,3,32,134,9,3,42,9,4,32,134,9,4,51,9,5,8,9,6,17,8,7,8,7,7,12,6,7,16,5,7,12,4,6,36,3,6,15,3,5,8,2,4,7,1,4,17,1,3,25,1,2,10,2,2,13,3,2,14,4,2,26,4,3,10,4,4,11,4,5,14,5,5,15,6,5,14,7,5,10,8,5,28,9,5,10,9,6,16,8,6,4,8,7,5,7,7,9,6,7,14,5,7,10,4,7,10,3,7,8,2,7,11,1,7,67,2,7,7,3,7,11,3,6,11,3,5,7,2,5,17,1,5,6,1,4,20,1,3,14,1,2,1,2,2,19,3,2,30,3,3,11,3,4,13,3,5,11,3,6,16,3,7,13,4,7,11,5,7,12,6,7,10,7,7,10,8,7,8,9,7,20,10,7,39,9,7,26,133,9,7,13,10,7,20,10,8,12,10,9,13,11,9,19,11,10,10,11,11,14,11,12,12,11,13,21,11,14,12,10,14,11,9,14,15,8,14,24,7,14,35,134,7,14,16,8,14,23,134,8,14,23,9,14,29,134,9,14,21,9,15,35,8,15,14,7,15,8,7,14,7,6,14,10,5,14,15,4,14,11,3,14,7,3,13,22,2,13,14,2,12,33,2,11,9,3,11,11,3,10,7,4,11,3,5,11,9,5,10,4,4,10,5,3,10,16,3,9,20,4,9,14,5,9,16,6,9,3,6,8,208,6,9,11,6,10,6,6,11,8,6,12,8,6,13,3,7,13,12,8,13,16,9,13,1,9,14,33,10,14,21,11,14,22,11,13,8,12,13,2,12,12,24,13,12,20,13,11,3,14,11,24,14,10,31,14,9,10,15,9,63,16,9,46,133,16,9,15,17,9,7,18,9,19,18,10,10,18,11,13,19,11,5,19,12,19,20,12,11,20,11,8,20,12,10,20,11,23,19,11,16,19,10,5,18,10,20,18,9,1,19,9,6,20,9,14,21,9,15,22,9,7,23,9,57,22,9,2,22,10,6,22,11,9,22,12,2,22,13,19,22,14,17,134,22,14,12,21,13,9,21,14,12,21,15,4,22,16,13,23,16,9,24,16,12,24,15,16,25,15,39,26,15,14,26,14,12,26,13,8,25,13,16,24,13,13,24,12,12,23,12,10,23,11,16,23,10,1,22,10,9,23,10,3,23,9,4,23,8,2,23,7,2,23,6,48,23,5,12,24,5,17,24,4,9,25,4,8,25,3,18,26,3,6,26,2,9,27,2,14,28,2,10,28,1,46,255,0
Draws=8,80,79,8,28,48,10,21,12,1,8,15,14,17,10,15,5,12,12,5,8,5,8,6,8,5,4,7,4,3,1,2,2,1,74,29,96,36,76,61,43,0
GameName=Challenge
Height=20
Hint=You have to kill all three Musketeers, so that they fill the false bricks under the gap in the bars at the top.  Ignore d'Artagnan at the bottom right.  You only walk over him to get a nugget.\n\nCollect the gold left to right across the bottom of the play area, then right to left across the top.  Be sure to leave the nugget left of centre on the concrete.  Collect that one last.\n\nBefore you do so, dig away a row of three bricks above and to the left of it, then exit to the next level along roughly the same route as you used earlier.
Layout=\s                           HTTTTTTTTT TTTTTTTTXTTTTTTTHHTFFHTTNTT TTTTTTTTTFFTTTTTHHXNNMMMMTXFXHN TNXE FF  H N HHFF   M XFXHNN HXNMXFNH NHM HHXXXXX XFXHTT H X  FHX FH N H  NN  NXNHNN HN F FH MEFHXXXXXXXXXMXXXXXMMMMMMFHMMMMHRTTTTTTXNNTTT NZ XNNNNHTTT HMFHTT NXMMN  HXEMNHMMFZ    HMMHN  FXTTN  HXXFHNNNFHXMMXHNMNH  FXNFHNNHXNF HMMFHXXNXHFXH   MXFFHMFHXHN H  FHNNFXH  HN N  T HMFHXHMMHX FXXH XH   HNMMM HNMFHXH TH MX N H NNNNNHFMZNMMMHHXHMNMXNNHX HFEXXXXXXXXXXXXXXXXXXXXXXXXXXXX                                                                                   \s
Level=16
Lives=2
Name=The Three Musketeers
Owner=0
Prefix=wad
Rules=84
Score=24175
Width=28

