[kgr001]
Content=135,75,234,130,59,131,28,130,10,129,60,131,28,129,79,130,80,131,39,130,9,134,128,52,130,85,131,31,129,214,131,39,255,0
Draws=2,27,93,95,0
GameName=KGoldrunner
Height=20
Hint=
KeyOption=5
Layout=MZMMMMMMMMMMMMMMMMMMMMMMMMZMMZ                        ZMMZ                  E     ZMMZ                        ZMMZ            NN          ZMMMMHMMMMMMMMMMMMMMMMMMMMMMMMM  H                       MM  H                       MM  H   N                   MMMMMMMMMMMMMMHMMMMMMMMMMMMMMM            H             MM E          H             MM    MM      H       N     MM            HMMMMMMHMMMMMMMM            H      H      MM     N      H      H      MMMMMMMMHMMMMMM      H      MM      H            H      MM      H      R     H      MMMMMMMMMMMMMMMMMMMMMMMMMMMMM
Level=1
Lives=5
Mode=3
Name=
Owner=0
Prefix=kgr
Rules=75
Score=0
Speed=10
Width=28

[kgr002]
Content=11,8,75,234,11,9,7,10,9,4,10,10,16,9,10,17,8,10,10,8,9,4,8,10,3,7,10,11,6,10,8,5,10,6,4,10,2,4,11,2,3,11,6,2,11,9,1,11,8,1,10,18,1,9,4,1,8,1,1,7,3,1,6,5,1,5,5,1,4,8,1,3,11,1,2,9,2,2,6,2,1,11,3,1,27,4,1,14,5,1,8,6,1,1,7,1,6,8,1,5,9,1,7,10,1,9,11,1,60,11,2,7,11,3,2,11,4,13,12,4,10,12,5,17,12,6,1,13,6,54,13,7,3,14,7,1,14,8,1,14,9,2,15,10,6,15,11,4,16,11,10,17,11,6,18,11,8,19,11,9,20,11,5,21,11,6,22,10,14,23,10,5,23,11,8,24,11,11,25,11,12,26,11,2,26,10,21,27,10,14,28,10,14,28,9,10,28,8,6,28,7,8,28,6,6,28,5,8,28,4,4,28,3,8,28,2,10,28,1,22,27,1,20,26,1,9,25,1,9,24,1,10,23,1,31,22,1,71,22,2,10,22,3,12,22,4,11,22,5,31,133,22,5,6,22,6,4,23,5,6,23,6,11,22,6,6,22,7,3,21,7,14,20,7,2,20,8,12,19,8,10,19,9,10,18,9,10,17,10,8,16,10,12,15,10,12,14,10,10,13,10,12,12,10,16,11,10,12,10,10,10,9,10,6,9,9,4,8,9,2,8,8,23,7,8,1,7,7,1,6,7,8,5,7,6,4,7,10,3,7,16,2,7,4,2,6,19,1,6,46,1,5,19,1,4,9,1,3,10,1,2,13,2,1,10,3,1,8,4,1,2,5,1,2,6,1,1,7,1,2,8,1,1,9,1,2,10,1,2,11,1,2,12,1,1,13,1,3,14,1,2,15,1,5,16,1,2,17,1,7,18,1,5,19,1,4,20,1,16,21,1,53,20,1,3,19,1,3,18,1,8,17,1,19,17,2,8,17,3,9,17,4,8,17,5,9,17,6,8,17,7,34,133,17,7,20,18,8,8,19,8,4,19,9,10,19,10,34,133,19,10,11,20,11,3,21,11,13,21,12,1,20,12,4,20,13,11,20,14,5,19,14,28,134,19,14,9,18,14,5,17,15,2,16,15,3,16,16,13,16,17,2,15,17,4,15,18,4,15,19,14,14,19,11,13,19,9,12,19,11,11,19,11,10,19,6,9,19,8,8,19,6,7,19,11,7,18,2,6,18,16,5,18,65,6,18,4,7,18,4,8,18,1,9,18,4,9,19,1,10,19,2,11,19,2,12,19,2,13,19,8,14,19,1,15,19,2,16,19,1,17,19,1,18,19,2,19,19,9,20,19,6,21,19,2,21,18,4,22,18,7,23,18,1,24,18,2,25,18,1,26,18,28,26,17,5,27,17,27,28,17,64,28,16,13,28,15,20,27,15,7,27,14,3,26,14,10,25,14,32,134,25,14,55,24,14,4,23,14,3,22,14,3,21,14,5,20,14,7,19,14,5,18,14,8,18,15,6,17,15,6,17,14,6,18,14,20,18,13,1,18,14,3,17,14,42,17,15,9,134,17,15,49,17,14,3,16,14,8,15,14,2,14,14,1,14,13,2,13,13,7,12,12,4,12,11,3,13,10,2,13,9,2,13,8,4,14,8,16,15,9,2,16,9,4,17,9,12,18,9,10,19,9,8,20,9,8,21,9,4,22,9,8,23,9,10,23,8,2,24,8,6,25,8,8,26,8,4,26,7,1,27,7,5,27,6,6,28,6,5,28,5,6,28,4,3,28,3,14,28,2,12,28,1,114,255,0
Draws=0
GameName=KGoldrunner
Height=20
Hint=
Layout=\sTTTTTTTTTTTTTTTTTTTTTTTTTT H                          HH    E                     HH                          HH  M  ZM MN ZM M ZM M ZM   HH  M  ZM MM ZM M ZM MNZM   HH  M  ZM MZMZM M ZM ZMM    HH  M  ZM MRZFM MNZM M ZM   HH  MMMZM M  ZM MMMM M ZM   HH                          HHN                    N    HMMMMMMMMH       HMMMMMMMMMMM        MMMMHMMMM                       H           E               H               HMMMMMMMMMMMMMMMMMMMMMMMMMMHH                          HH                          HH    N        N            HMMMMMMMMMMMMMMMMMMMMMMMMMMMM
Level=2
Lives=5
Mode=2
Name=
Owner=0
Prefix=kgr
Rules=75
Score=0
Speed=10
Width=28

[kgr003]
Content=18,10,75,234,17,10,6,16,10,8,15,10,8,14,10,18,134,14,10,30,14,9,2,13,9,5,12,9,6,11,8,9,11,7,5,10,7,1,10,6,12,11,6,3,11,5,8,11,4,29,10,3,2,9,3,3,9,2,3,8,2,12,7,2,1,7,3,29,133,7,3,38,8,3,5,9,3,3,10,3,2,11,3,2,12,3,3,13,3,7,14,3,12,15,4,8,16,4,11,17,4,6,18,4,4,19,4,10,20,4,5,21,4,2,21,5,3,22,5,2,23,5,34,24,5,10,25,5,4,26,5,17,27,5,7,28,5,11,27,5,49,133,27,5,15,28,5,7,28,6,3,28,7,6,28,8,6,28,9,5,28,10,3,27,10,4,27,11,5,27,12,5,27,13,10,27,14,11,27,15,10,27,16,10,27,17,30,26,17,6,26,16,3,25,16,11,24,16,8,23,16,13,24,16,2,24,17,24,24,16,2,23,16,5,22,16,1,21,16,1,20,16,6,19,16,4,18,16,2,17,16,2,16,16,2,15,16,11,14,16,13,13,16,11,13,15,22,13,16,4,13,15,1,12,15,13,11,15,8,10,14,18,10,13,4,9,13,7,9,14,11,10,14,1,10,15,1,11,15,4,12,15,12,13,15,10,13,16,6,14,17,8,14,18,4,14,19,11,14,18,2,15,18,12,14,18,2,13,18,1,12,18,2,11,18,10,10,18,10,9,18,31,8,18,70,7,18,7,6,18,8,5,18,11,4,18,14,3,18,9,2,18,39,2,19,3,3,19,1,4,19,1,5,19,1,6,19,1,7,19,1,8,19,1,9,19,8,10,19,7,11,19,28,12,19,27,13,19,254,13,19,114,12,19,12,11,19,2,10,19,1,9,19,2,8,19,2,7,19,1,6,19,2,5,19,1,4,19,2,3,19,4,2,19,16,1,19,56,1,18,14,1,17,8,1,16,11,1,15,1,2,15,5,3,15,3,4,15,3,5,15,5,6,15,5,7,15,4,8,15,6,9,15,8,10,15,8,11,15,3,12,16,23,13,16,6,14,16,9,15,16,8,16,16,19,17,16,16,18,16,7,19,16,9,20,16,1,21,16,9,22,16,6,23,16,2,24,16,2,25,16,1,25,15,1,26,15,3,27,15,3,27,14,4,28,14,15,28,13,6,28,12,6,28,11,5,28,10,4,28,9,11,28,10,103,27,10,9,26,10,7,25,10,6,25,11,4,24,10,3,23,10,3,22,10,3,21,10,15,20,10,2,20,9,1,21,9,7,21,8,3,22,8,2,22,7,6,22,6,5,22,5,6,21,5,6,21,4,1,20,4,3,19,4,2,18,3,2,17,3,21,16,3,2,14,2,3,13,2,6,12,2,2,12,1,2,11,1,3,10,1,2,9,1,28,8,1,9,7,1,11,6,1,14,5,1,23,4,1,8,3,1,12,2,1,38,1,1,63,255,0
DateTime=2015-10-01T04:33:40Z
Draws=0
GameName=KGoldrunner
Height=20
Hint=
KeyOption=6
Layout=Z                           Z                           Z                    E      Z      N                    MMMXXXMMXMHTTTTTTTTTTT    N    M      H           HMMMMM   M      H           HMTTTH   M      H           HMTT H   M      H           HMT  H   M    E H      R    H    HFMMMMMMMXMMMMMMMMMXXMMMMMMMH                           H                           H                           H                           HH         N     MMMXMXXMMMMHHMMMMXXMMMMMHTTTTTTTTTTTTTTHH            N              H           MMMM            MMMXXMMMMMMMMMMXMMMMMMMXMMMM
Level=3
Lives=5
Mode=2
Name=
Owner=0
Prefix=kgr
Rules=75
Score=0
Speed=10
Width=28

[kgr004]
Content=6,5,75,234,2,3,4,2,2,1,1,2,14,1,1,19,2,1,15,3,1,10,4,1,13,4,2,10,5,2,38,133,5,2,66,6,2,2,7,2,4,8,2,6,9,2,5,10,2,10,11,2,6,12,2,31,12,3,30,133,12,3,8,13,3,5,14,3,3,15,3,6,15,4,24,16,4,18,17,4,29,17,5,1,18,5,6,19,4,1,20,4,5,21,4,6,22,4,28,22,5,1,21,5,5,20,5,5,19,5,4,18,5,2,17,5,4,16,5,1,16,4,3,15,4,11,14,4,4,13,4,20,12,4,14,11,4,24,10,4,16,9,4,56,8,4,6,7,4,4,6,4,3,5,4,2,4,4,2,4,3,23,5,4,2,4,4,18,4,5,39,133,4,5,50,3,5,13,3,4,1,2,4,3,1,4,1,1,3,5,1,2,10,1,1,20,2,1,11,3,1,5,4,1,6,5,1,24,133,5,1,11,5,2,80,6,2,4,7,2,2,7,1,3,8,1,2,9,1,2,10,1,3,11,1,1,12,1,3,13,1,3,14,1,3,15,1,3,16,1,3,17,1,8,18,1,2,19,1,2,20,1,25,21,1,9,22,1,4,23,1,13,24,1,13,25,1,24,26,1,67,25,1,76,24,1,30,25,1,61,134,25,1,23,26,1,44,25,1,3,24,1,13,23,1,20,22,1,1,22,2,8,134,22,2,10,21,2,4,20,2,6,19,2,1,19,3,14,19,4,9,18,4,34,134,18,4,20,17,4,9,16,4,7,16,5,3,17,5,6,17,6,30,16,6,2,15,6,3,13,7,1,12,7,2,11,7,1,10,7,1,9,7,5,9,6,27,8,6,11,7,6,13,7,5,1,6,5,13,5,5,6,5,4,12,4,4,3,3,4,1,3,5,4,2,5,29,2,6,8,2,7,3,3,7,29,134,3,7,23,2,7,8,2,8,12,3,8,6,3,9,22,134,3,9,14,2,9,7,1,9,18,1,10,100,2,10,10,3,10,9,4,10,1,4,11,14,5,11,22,5,12,9,6,12,4,6,13,9,7,13,8,7,12,17,7,13,4,8,13,1,8,14,3,8,15,2,9,15,3,10,15,2,10,16,2,10,15,2,11,15,7,11,14,6,11,13,8,11,12,7,10,12,2,10,11,13,10,12,4,10,11,10,11,11,13,12,11,14,13,11,3,13,12,14,14,12,20,134,14,12,13,13,12,7,12,12,5,12,13,4,13,13,6,13,14,13,13,15,3,14,15,33,134,14,15,9,13,15,3,12,15,3,11,15,7,11,16,8,11,17,1,10,17,4,9,17,13,8,17,27,9,17,3,10,17,8,11,17,5,12,17,4,13,17,8,14,17,88,14,18,19,15,18,254,15,18,22,16,18,4,17,18,4,18,18,3,19,18,7,20,18,36,19,18,6,18,18,5,133,18,18,16,17,18,23,133,17,18,33,18,18,4,19,18,3,20,18,2,21,18,2,22,18,2,23,18,23,24,18,2,25,18,2,25,17,23,26,17,2,27,17,5,27,16,4,28,16,1,28,15,7,28,14,7,28,13,3,27,13,10,27,12,18,27,11,18,26,11,40,25,11,8,24,11,4,23,11,30,22,11,31,134,22,11,16,21,11,14,21,12,3,21,13,4,21,14,8,21,15,16,21,16,14,22,16,254,22,16,254,22,16,116,134,22,16,11,21,16,2,20,16,8,20,17,6,20,18,10,19,18,1,19,19,47,133,19,19,14,18,19,20,133,18,19,95,19,19,1,20,18,2,21,18,2,22,18,1,23,18,5,24,18,3,25,18,8,26,18,9,26,17,1,27,17,20,27,16,6,27,15,8,27,14,10,27,13,8,27,12,4,27,11,5,27,10,5,27,9,7,27,8,4,27,7,3,27,6,2,26,5,3,26,4,3,26,3,2,26,2,9,26,1,3,27,1,116,255,0
DateTime=2015-10-01T04:38:54Z
Draws=28,55,18,30,36,7,50,21,29,0
GameName=KGoldrunner
Height=20
Hint=
KeyOption=6
Layout=MMMMMMMMMMMMMMMMMMMMMMMMMMZMM      TTTTTTT     E     NZMMHMMMMM    N  MMMMMMMMMMMMZMMHMMMMMMMMMMMMM       E  MZMMH   R              N    MZMMMMMMMMMMMMMMMMMMMMMMMMH MZMMMMMMMMMMMMMMMMM       H MZMM     N  MMMMMMM MMMMMMHMMZMMMMMMMMMH        MMMMMMHMMZMMN       MMMMMMMMMMMMMMHMMZMMMMMMMMMMMM            H THMM MMMMMMMN     HMMMMMMMMM HMM  MMMMMMHM N  H   M    M HMMN MMMMMMHMMMMMH E M MM M HMMM MM  MMHM    H   M MM M HMMM MM N  HM    H   M N  M HMMM MMHMMMMMMMMMM   MMMMMM HMMM   HM N                 HMMMMMMMMMMMMMMMMM  N       HMMMMMMMMMMMMMMMMMMMMMMMMMMMMM
Level=4
Lives=5
Mode=2
Name=
Owner=0
Prefix=kgr
Rules=75
Score=0
Speed=10
Width=28

[kgr005]
Content=12,1,75,234,11,1,8,10,1,8,9,1,10,10,1,34,9,1,15,8,1,7,7,1,27,6,1,14,5,1,4,5,2,9,4,2,4,4,3,4,5,3,1,5,4,3,5,5,1,5,6,1,6,6,1,6,7,1,6,8,1,6,9,18,6,10,23,7,10,11,8,11,7,9,11,5,10,11,15,9,11,52,10,11,2,10,12,14,11,12,5,11,13,3,11,14,3,12,14,20,13,14,16,14,14,14,14,13,8,14,12,11,14,11,7,14,10,9,13,10,3,13,9,5,13,8,10,12,8,3,12,7,1,11,7,28,10,7,6,10,6,14,10,7,35,10,8,5,10,9,3,9,10,5,9,11,15,8,11,2,8,12,3,7,12,1,7,11,8,7,12,37,7,13,8,8,14,30,7,14,8,7,13,2,6,13,3,6,12,4,6,11,2,6,10,3,6,9,2,6,8,4,6,7,2,7,7,4,7,6,5,8,6,2,8,5,2,9,5,21,10,5,14,11,5,10,12,5,9,13,5,8,14,5,21,14,6,2,15,6,15,15,7,3,15,8,12,15,7,14,16,7,4,17,7,1,17,8,4,18,8,3,18,7,17,19,7,1,19,8,7,20,8,23,21,8,30,21,7,8,21,6,5,20,6,1,20,5,7,21,5,61,21,6,18,21,7,3,21,8,5,20,8,2,20,9,17,21,9,5,20,9,18,21,9,2,22,9,14,23,8,29,23,7,8,24,7,3,24,6,5,24,5,12,25,6,56,24,6,3,24,7,6,24,8,4,24,9,9,24,10,6,25,10,4,26,10,9,26,9,38,26,10,5,26,9,18,26,8,5,26,7,43,26,6,47,25,6,77,26,6,10,27,6,1,28,6,95,28,5,5,28,4,2,28,3,1,28,2,11,28,1,79,255,0
DateTime=2015-10-01T04:40:25Z
Draws=95,85,94,74,0
GameName=KGoldrunner
Height=20
Hint=
KeyOption=6
Layout=\s          R               ZE                          Z                           Z                           Z                           Z                           Z   TT  N         TTT       Z HH  HHHHHH H   HE  HHHHHH Z HH  HHH   HHN  H   HH NHH Z HH  HH    HH   H  NHH  HH Z HH NHH N  HH   H   HH  HH Z HHHHHHHHH HH   H   HH  HH Z HHHHHHH   HH   H   H   HH Z HH  HH    HH   H   H   HHTZTHH  HHH N HHHH HHH H   HH Z HH  HHHHHHHHHHHHHHHHHHHHH Z                           Z                           ZMMMXXMMXXMXXMMXMXXMXMMMXXMXXMXMMXXXXMMMXXXXXMXXMXXXMMMXM
Level=5
Lives=6
Mode=2
Name=
Owner=0
Prefix=kgr
Rules=75
Score=5700
Speed=10
Width=28

[kgr006]
Content=6,16,75,234,5,16,10,4,16,3,4,17,3,4,18,3,4,19,2,5,19,5,5,20,7,6,20,5,7,20,6,8,20,10,8,19,30,7,19,30,134,7,19,12,8,19,8,9,19,12,134,9,19,27,10,19,2,11,19,68,10,19,3,9,19,1,9,18,1,8,18,2,7,18,2,6,18,10,5,18,5,5,17,4,4,17,11,4,16,16,5,16,4,6,16,14,7,16,30,134,7,16,32,8,16,17,134,8,16,12,9,16,2,10,16,2,11,16,8,12,16,2,13,16,2,14,16,1,15,16,6,16,16,3,17,16,1,18,16,8,19,16,2,20,16,1,21,16,32,22,16,14,23,16,13,24,16,53,23,16,5,22,16,5,21,16,5,20,16,4,19,16,3,18,16,3,17,16,1,16,16,9,15,16,3,14,16,4,13,15,3,12,15,23,11,15,4,10,15,18,9,15,8,8,15,6,7,15,6,7,14,18,7,13,3,8,13,16,8,12,5,9,12,11,10,12,19,10,13,13,134,10,13,20,11,13,19,134,11,13,13,12,13,2,13,13,1,14,13,2,15,13,7,16,13,4,17,13,11,18,13,40,17,13,5,16,13,3,15,13,6,14,12,1,13,12,9,12,12,8,11,12,8,11,11,6,10,11,4,10,10,9,10,9,12,10,8,6,11,8,14,12,8,2,12,9,1,13,9,13,14,9,27,13,9,34,134,13,9,35,14,9,22,134,14,9,10,15,9,4,16,9,6,16,10,2,17,10,7,18,9,16,18,8,6,17,7,3,16,7,2,15,7,3,14,7,2,13,7,12,12,7,22,11,7,9,10,7,13,9,7,11,9,6,8,9,5,3,10,5,2,10,4,3,11,4,4,12,4,5,13,4,5,12,4,4,13,4,7,14,4,3,15,4,3,16,4,5,17,4,5,18,4,30,19,4,3,20,4,7,21,4,23,22,4,4,22,3,14,22,2,14,22,1,9,21,1,8,20,1,4,19,1,3,18,1,4,18,2,7,17,2,7,16,2,7,15,2,2,15,1,1,14,1,25,13,1,2,11,1,3,10,1,7,10,2,1,9,2,30,8,2,18,7,2,6,6,2,13,7,2,254,7,2,3,134,7,2,32,7,1,82,6,1,5,6,2,4,5,2,5,5,3,5,6,3,4,6,4,3,6,5,3,6,7,2,6,8,2,6,9,2,6,10,7,6,11,13,6,12,46,6,13,25,6,14,23,6,15,10,7,15,1,7,16,5,8,16,25,9,16,9,10,16,19,134,10,16,25,11,16,36,134,11,16,18,12,16,19,134,12,16,96,11,15,4,10,15,4,9,15,2,8,15,5,7,15,6,7,14,7,7,13,7,7,12,1,8,12,6,9,12,5,10,12,9,11,12,11,11,11,2,12,11,15,12,10,4,13,10,12,14,10,5,14,9,3,15,9,7,16,9,5,17,9,10,18,9,11,19,8,29,19,7,12,18,7,1,18,6,2,17,6,12,16,6,2,15,6,2,15,5,1,14,5,3,13,5,6,12,5,7,11,5,6,10,5,16,9,5,4,9,4,14,8,4,2,8,3,21,8,2,6,9,2,7,10,2,3,11,2,1,12,2,1,13,2,2,14,2,6,15,2,1,16,2,15,16,3,4,17,3,3,18,3,7,19,3,29,18,5,51,19,5,45,133,19,5,58,20,5,8,21,4,2,23,4,1,24,4,1,26,4,4,25,3,2,24,3,6,24,2,2,24,1,9,23,1,6,22,1,3,21,1,7,20,1,3,19,1,2,18,1,4,17,1,9,16,1,2,15,1,4,14,1,6,13,1,20,12,1,4,11,1,2,10,1,5,9,1,3,8,1,8,7,1,9,6,1,18,5,1,34,4,1,48,255,0
DateTime=2015-10-01T04:41:01Z
Draws=19,0
GameName=KGoldrunner
Height=20
Hint=
KeyOption=6
Layout=\s  Z                           Z               E           MMMMMMMMMMMMMMMMMMHMMM      M                 H  M      M            N    H  M      M  MMMHMMMMMMMMMMMM  M      M  M  H           M  M      M  M  H N         M  M      M NM  MMMMMMMMHM  M  M      M  M  M E   N HM  M  M      M  M  MHMMMMMMMM  M  M      M  M   H          M  M      M  M   H    N     M  M      M  MHMMMMMMMMMMMMMM  M      M   H                M      M R H  N     E     N M      MHMMMMMMMMMMMMMMMMMMMM       HTTTTTTTTTTTTTTTTTTTTTT     H     N                HMMMMMMMMMMMMMMMMMMMMMMMMMMMM
Level=6
Lives=7
Mode=2
Name=
Owner=0
Prefix=kgr
Rules=75
Score=8950
Speed=10
Width=28

[kgr007]
Content=4,9,75,234,12,10,34,11,10,3,10,10,4,10,11,1,9,11,2,8,12,1,7,12,1,7,13,1,6,13,7,5,13,4,4,13,2,3,13,2,2,13,1,1,12,27,1,11,6,1,10,4,1,9,3,2,9,4,2,8,5,3,7,18,3,6,3,4,6,17,5,6,13,6,5,5,7,5,14,8,5,4,9,5,7,10,5,4,11,5,12,12,5,3,12,6,21,13,6,13,14,6,14,15,6,6,15,5,11,15,4,13,15,3,1,14,3,16,13,3,5,12,3,10,11,3,11,10,3,10,9,3,3,8,3,32,7,3,1,6,3,3,5,3,20,4,3,7,3,3,84,4,3,8,4,4,1,5,4,6,6,4,69,7,4,18,8,4,58,9,4,63,10,4,2,11,3,62,10,3,4,9,3,13,8,3,22,8,4,9,7,4,28,133,7,4,16,8,4,14,8,5,10,8,6,5,8,7,4,8,8,3,8,9,13,9,9,4,9,10,27,9,11,25,134,9,11,15,8,11,3,8,12,1,7,12,21,6,12,13,6,13,3,5,13,13,4,13,25,134,4,13,13,3,13,9,2,13,1,2,14,12,2,15,3,3,15,4,3,16,10,4,16,6,5,16,7,6,16,5,7,16,9,8,16,29,133,8,16,16,9,16,6,10,16,54,10,15,17,10,14,17,10,13,27,9,13,91,8,13,6,7,13,7,6,13,9,5,13,32,133,5,13,79,4,13,4,3,13,1,3,12,1,2,12,2,1,12,13,1,11,4,1,10,2,1,9,4,1,8,4,1,7,7,1,6,4,2,6,5,2,5,1,3,5,17,4,5,14,5,5,16,5,6,2,6,6,6,7,6,5,8,6,19,9,6,23,10,6,14,11,6,15,12,7,42,11,7,26,133,11,7,11,12,8,6,13,8,5,13,9,7,14,9,1,14,10,26,15,10,23,16,10,6,17,10,4,18,10,24,19,10,8,20,10,25,20,11,4,21,11,1,21,12,5,21,13,2,22,13,8,23,13,14,24,13,17,25,13,47,26,13,3,27,13,3,28,13,27,28,12,24,28,13,2,27,13,62,27,12,9,27,11,7,27,10,9,26,10,1,26,9,8,25,9,1,25,8,8,25,7,2,24,7,2,24,6,7,24,5,7,23,5,4,23,4,5,23,3,4,22,3,6,23,3,1,23,2,10,23,1,26,22,1,2,21,1,2,20,1,12,19,1,10,18,1,9,17,1,5,16,1,36,15,1,65,14,1,31,15,1,5,255,0
DateTime=2015-10-01T04:43:46Z
Draws=52,0
GameName=KGoldrunner
Height=20
Hint=
KeyOption=6
Layout=MM            MZ          MMM             MZ           MM             MZ           MM  N     TTTT MMZ    ZMZM  MM MMMMMMM    HMMMZ   ZMZM  MM      T     HMXXZ   ZMZM  MMHMMMMM M    HMMMZE  ZMZM  MMH    M M N  HXMMMMMMMMZMMMMMH R  M XXMMXMMMMTTTTTTZZMMMMH    M                 ZZMMMH MM M    TT            ZZMMH    MMMMM  MXXM         ZMMH       HM  M H          ZMMMMMMMMMMHM  M H          ZMM        HM  M H          ZMM N      HM  X H    N   N ZMMMMMMMMMMHM  M H MMMMMMMMMZMM        HM  M H          ZMM   E   NHM  M H E        ZMMMMMMMMMMMMMMMMMMMMMMMMMMMMM
Level=7
Lives=8
Mode=2
Name=
Owner=0
Prefix=kgr
Rules=75
Score=14025
Speed=10
Width=28

[kgr008]
Content=2,19,75,234,1,19,81,2,19,2,3,19,1,4,19,2,5,19,1,6,19,1,8,19,2,9,19,4,10,19,2,11,19,3,12,19,7,13,19,95,13,20,2,12,20,2,11,20,37,12,20,10,13,20,2,14,19,3,15,19,3,16,19,4,17,19,4,18,19,5,19,19,27,18,19,63,133,18,19,49,19,19,3,20,19,3,21,19,1,22,19,1,22,18,4,23,18,5,24,18,5,24,17,1,25,17,25,24,17,13,24,16,8,23,16,5,23,17,5,22,17,40,134,22,17,70,21,17,16,20,17,12,134,20,17,36,19,17,3,18,17,3,17,17,3,16,17,6,15,17,4,14,16,8,13,16,7,12,16,2,11,16,3,10,16,26,9,16,5,8,16,4,7,16,4,6,16,3,5,16,4,4,16,24,3,16,1,2,16,1,1,16,22,1,15,34,1,14,33,2,14,8,3,14,8,4,14,6,5,14,6,6,14,4,7,14,8,8,14,5,9,14,2,10,14,5,11,14,4,12,14,8,13,14,3,14,15,4,15,15,4,16,15,9,17,15,28,18,15,18,19,15,27,18,15,2,17,15,2,16,15,2,14,15,2,14,14,1,13,14,6,12,14,8,11,14,9,11,13,20,11,12,12,12,12,7,13,12,7,14,12,3,15,12,2,16,12,5,17,12,5,18,12,3,18,11,3,19,11,35,20,11,20,21,11,4,22,11,37,23,11,147,24,11,10,25,11,52,26,11,8,27,11,21,28,11,6,28,12,13,28,13,4,28,14,31,27,14,28,26,14,38,133,26,14,17,26,15,1,27,15,13,27,16,10,26,16,3,25,16,3,24,17,2,23,17,3,22,17,17,22,18,4,23,19,3,23,20,37,24,20,18,24,19,30,24,18,5,24,17,5,24,16,6,24,15,14,23,15,3,23,14,6,22,14,6,21,14,4,20,14,5,19,14,5,18,14,6,17,14,9,16,14,6,15,14,5,14,14,4,14,13,2,13,13,18,12,13,9,11,13,28,11,12,6,10,12,29,9,12,9,8,12,4,7,12,5,6,12,37,5,12,13,5,11,2,4,11,9,3,11,6,4,11,1,4,10,12,3,10,7,2,10,8,1,10,25,1,11,6,1,12,9,1,13,12,2,13,7,3,13,4,4,13,8,4,12,2,5,12,14,5,11,7,5,10,10,6,11,6,7,11,5,8,11,7,9,11,10,10,11,11,10,10,17,11,10,2,11,9,20,12,9,12,13,9,67,133,13,9,30,14,9,2,14,10,9,14,11,9,13,11,2,13,12,13,13,13,17,12,13,34,133,12,13,96,13,13,3,13,12,3,14,12,5,15,12,4,16,12,5,16,11,3,17,11,22,18,11,6,19,11,3,20,11,10,21,11,5,22,11,6,23,11,3,24,11,6,25,11,11,26,11,6,27,11,18,28,11,23,28,10,14,28,9,11,28,8,18,27,8,11,26,8,8,25,8,4,24,8,3,23,8,8,22,8,14,21,8,11,20,8,13,19,8,41,18,8,9,17,8,11,16,8,31,134,16,8,12,15,8,4,14,8,26,13,8,6,12,8,4,11,9,5,10,9,3,9,9,2,8,9,2,8,8,2,7,8,20,7,7,2,6,7,8,5,6,3,6,6,9,6,5,5,6,8,5,6,7,13,6,6,6,6,5,5,6,4,1,5,4,4,5,3,29,4,3,11,3,3,4,2,3,41,134,2,3,13,1,3,19,1,4,11,2,4,11,3,4,40,4,5,5,5,6,60,6,6,77,6,5,4,6,4,4,6,3,7,6,2,2,7,2,5,7,1,3,8,1,8,9,1,6,10,1,6,11,1,9,12,1,8,13,1,9,14,1,9,15,1,18,16,1,14,17,1,27,18,1,3,18,2,10,17,2,14,134,17,2,44,16,2,2,15,2,3,14,2,4,13,2,3,12,2,1,11,2,4,11,3,16,10,3,13,9,3,176,133,9,3,96,10,3,7,11,3,4,12,3,18,12,4,7,13,4,5,13,5,6,14,5,4,15,5,3,16,5,5,17,5,3,18,5,6,19,5,19,18,5,2,19,5,4,20,5,9,20,6,4,21,6,7,22,6,2,22,5,1,23,5,3,24,5,2,25,5,8,26,5,21,27,5,16,28,5,19,28,4,4,28,3,9,28,2,4,28,1,32,255,0
DateTime=2015-10-01T05:03:34Z
Draws=94,81,21,82,6,35,52,23,12,94,50,95,65,11,30,42,31,5,84,41,42,28,31,15,48,36,86,9,74,81,44,38,68,52,61,67,77,45,77,33,65,59,89,80,41,95,33,93,57,30,48,99,17,60,12,0
GameName=KGoldrunner
Height=20
Hint=
KeyOption=6
Layout=\s     TTTTTTTTTTTTTTTT     Z     H M                   Z N   H M   HXXXMXHN  E     ZMXXMMHMXMMMH     HXXMXH    ZT    H M   H  N  H    H    Z TN  H MMMXMMMXMXMMMXXMMMMMM     H   E                  MMMMMHMXMMMMXM    N              H     N  MMMMMMXMMXMMMHMMXMMMXMHMMMXMM   MMMMMMMXMHTTTTTT  H            N     H   H  TTH        HMMMMMMMMMFN  H          HMMMMXXXMMXXMFMMMMMMMMMMMHMMMMMMMMMMMMMMMF        E  H     N      M  NHMMMMXXMMMMMMMMMMMMMXMMHXMMFH   E        N         HMN  MMMMMMMMXMMMMMMXMMMMMMMHMXMM R                     H    MMMMXXMMMMMMXXMMMMMXMMMMMMMM
Level=8
Lives=5
Mode=2
Name=
Owner=0
Prefix=kgr
Rules=75
Score=0
Speed=10
Width=28

[kgr009]
Content=14,2,75,234,14,3,25,134,14,3,18,13,3,22,12,3,2,12,4,1,13,4,2,13,5,19,12,6,66,11,6,254,11,6,12,12,6,57,13,6,159,14,6,7,15,6,20,16,6,7,15,6,15,133,15,6,20,14,6,20,133,14,6,15,14,7,5,14,8,3,14,9,20,14,10,4,15,10,28,16,10,7,17,10,21,134,17,10,23,18,10,1,20,10,3,21,10,6,20,10,7,20,11,21,20,10,17,134,20,10,17,19,10,3,19,11,9,19,12,13,19,13,12,19,14,9,19,13,101,19,14,8,19,15,33,134,19,15,70,18,15,4,17,15,6,16,15,4,15,15,30,133,15,15,19,14,15,9,13,15,3,12,15,11,11,15,11,10,15,2,11,15,54,10,15,6,10,16,3,9,16,5,8,16,20,8,15,2,9,15,6,10,15,7,10,14,3,11,14,2,11,13,5,11,12,4,11,11,11,10,11,2,10,10,12,9,10,5,9,9,16,8,9,1,8,10,12,7,9,12,6,9,9,6,8,6,6,7,13,6,6,12,7,6,46,133,7,6,15,8,6,9,9,6,11,9,7,33,8,7,31,133,8,7,13,9,7,16,10,7,14,10,8,31,9,8,22,133,9,8,22,10,8,16,11,8,41,10,8,26,133,10,8,37,11,8,6,11,9,5,12,9,60,11,9,100,133,11,9,49,12,9,2,12,10,15,12,11,1,13,11,6,13,12,2,14,12,5,15,12,8,16,12,28,17,12,1,17,13,8,18,13,9,19,13,5,20,13,12,20,14,10,20,15,2,19,15,26,133,19,15,9,20,15,4,21,15,2,22,15,8,23,16,12,23,17,9,24,17,5,24,16,9,25,16,14,25,15,18,25,14,5,25,13,5,25,12,4,26,12,29,27,12,18,28,12,3,28,11,5,28,10,3,28,9,4,28,8,5,28,7,18,28,6,4,28,5,17,28,4,11,27,4,21,26,4,9,25,4,9,24,4,39,24,3,5,23,3,10,23,2,9,23,1,3,24,1,18,25,1,43,255,0
DateTime=2015-10-01T05:09:42Z
Draws=55,17,0
GameName=KGoldrunner
Height=20
Hint=
KeyOption=6
Layout=\s  Z E                E Z      Z         R          Z      ZMZ                 MZ      ZMMMMMMMMMMMMMMMMMMMMZ TZZT ZM       TTTTTTTT M MZ  ZZ  ZM E MM N        HMEMZ  ZZ  ZMHMMNMMMM   E   HM MZ  ZZ  ZMHMMMNMMMHMMMMMMMM MZ  ZZ TZMHMMMMNMMH         MZT ZZ   MHMMMMMNMH       MHM   ZZ   MH  N MMMMMMMMMMMMHM   ZZTTZMMMMMH            HMZTTZ   ZMMMMMH TTTTTTTTTTTHMZ      ZM    H             MZ      ZM   NH        N    MZ      ZMMMMMMMMMMMMMMMMMMMMZ   TTTZTTTTTTTTTTHTTTTTTTTTZTTT              H                           H             MMMMMMMMMMMMMMMMMMMMMMMMMMMM
Level=9
Lives=4
Mode=2
Name=
Owner=0
Prefix=kgr
Rules=75
Score=5850
Speed=10
Width=28

[kgr010]
Content=1,6,75,234,2,9,22,3,9,34,2,9,2,2,10,4,1,10,9,1,11,4,1,12,6,1,13,5,1,14,8,1,15,1,2,15,4,3,15,5,4,15,1,5,15,19,5,16,3,4,16,3,4,17,11,4,16,8,5,16,1,5,17,2,5,18,3,5,19,15,5,20,4,6,20,1,7,20,2,8,20,6,9,20,4,10,20,2,10,19,11,9,19,1,10,20,3,11,20,2,12,20,10,13,20,14,13,19,16,14,19,18,15,19,5,16,19,5,17,19,11,18,19,5,19,19,6,20,19,20,21,19,4,22,19,34,134,22,19,22,23,19,20,134,23,19,19,24,19,3,25,19,11,26,19,22,134,26,19,40,27,19,13,28,19,3,28,18,3,28,17,4,28,16,2,28,15,3,28,14,8,28,13,10,28,12,7,28,11,9,28,10,7,28,9,19,27,9,1,27,8,14,26,8,8,25,8,6,24,8,4,23,8,4,22,8,3,21,8,4,20,8,9,19,8,2,18,8,28,17,8,11,16,8,2,16,9,12,15,9,10,14,9,4,13,9,7,12,9,16,13,9,1,12,9,2,11,9,2,10,9,20,10,8,4,9,8,11,10,8,6,11,8,2,12,8,6,13,9,2,14,9,1,14,10,3,15,11,8,15,12,35,14,12,6,13,12,7,12,11,10,12,10,7,11,10,3,11,11,11,10,11,14,9,11,22,8,11,7,7,11,2,7,10,6,7,9,6,6,9,1,6,8,2,6,7,3,6,6,2,6,5,3,6,4,2,6,3,3,7,2,2,7,1,83,255,0
DateTime=2015-10-01T05:15:50Z
Draws=26,49,0
GameName=KGoldrunner
Height=20
Hint=
KeyOption=6
Layout=ZZZZZZZZZZZZZZZZZZZZZZZZZZZZZZZZZZZZZZZZZZZZZZZZZZZZZZZZZMMZZZZMZZMZZZZZZZZZZZZZZZZZM  ZMZZMZMMZMMZMZZMZMZZMMZMMM MM MZMM MZMEZMZMEM MZM ZMERMM MMZM MMZM MMZM M MZ MZM       Z    Z    Z     Z  Z        Z    Z    Z     Z  Z        Z    Z    Z     Z  Z  TTN   Z    Z    Z     Z  Z    XX  Z    Z    Z     Z  Z     TT Z  NTT    Z     Z XXXH   XXXXXXX  HN  Z     Z    H   X     X HXXXXX   N Z    H           HTTTTTTTXXXXX   HNTTTTTTT TT                HMH      H  TT TTTTTTTT    HMMH      H    H        H   HMMH N    H N  H      N H N HMMMMMMMMMMMMMMMMMMMMMMMMMMMMM
Level=10
Lives=5
Mode=2
Name=
Owner=0
Prefix=kgr
Rules=75
Score=0
Speed=10
Width=28

[kgr011]
Content=15,11,75,234,16,11,14,17,12,2,18,12,5,19,12,1,19,11,3,20,11,11,20,10,3,21,10,10,21,9,4,22,9,6,22,8,7,21,8,12,21,7,28,20,7,30,21,7,22,134,21,7,15,20,7,14,20,8,16,21,8,17,21,7,13,21,6,8,21,5,8,21,4,6,21,3,8,21,2,35,21,3,75,22,3,13,23,3,9,24,3,25,24,4,1,24,5,2,24,6,2,24,7,1,23,8,3,23,9,11,23,10,5,22,10,1,22,11,14,22,12,12,22,13,7,22,14,1,21,14,7,20,14,35,19,14,21,18,14,5,18,15,13,17,15,9,17,16,11,17,17,4,17,18,8,18,18,6,18,19,53,133,18,19,9,17,19,30,133,17,19,23,16,19,8,15,19,3,14,19,6,13,19,12,12,19,15,11,19,20,12,19,3,13,19,4,14,19,5,15,19,7,16,19,10,16,18,4,15,18,5,14,18,1,14,17,10,13,17,6,13,16,5,14,16,3,15,16,4,16,16,7,17,16,15,17,15,9,16,15,5,16,14,6,15,14,7,14,14,5,13,14,14,12,14,28,11,14,216,133,11,14,19,10,14,26,133,10,14,60,11,14,5,12,14,2,12,13,6,13,13,6,13,12,5,14,12,7,14,11,2,15,11,6,15,12,7,16,12,13,17,12,21,18,12,10,19,13,21,20,13,17,21,14,1,21,15,2,21,16,2,21,17,13,21,16,24,22,16,38,23,16,10,24,16,9,25,16,3,25,15,1,26,15,10,26,14,7,26,13,12,25,13,3,25,12,8,24,12,16,24,11,9,25,11,17,25,10,9,24,10,21,25,10,6,25,9,5,26,9,41,27,9,43,27,10,9,27,11,8,27,12,115,26,12,4,26,13,1,25,13,21,25,14,11,25,15,10,26,16,2,25,16,14,24,16,2,23,16,2,22,16,11,21,16,20,20,16,4,19,16,9,19,17,3,18,17,15,17,17,15,17,18,12,16,18,12,16,19,53,133,16,19,21,15,19,31,133,15,19,21,14,19,2,14,18,16,14,17,1,13,17,13,14,17,2,15,17,4,16,16,7,17,16,12,17,15,2,16,15,4,16,14,8,15,14,8,14,14,10,13,13,17,12,13,9,11,13,6,10,13,9,9,13,30,8,13,11,7,13,79,6,13,87,6,14,1,5,14,28,133,5,14,14,6,14,7,6,15,14,6,16,1,7,16,21,8,16,10,8,17,5,7,18,2,8,18,23,9,18,22,10,19,8,11,19,34,10,19,4,9,19,6,8,19,1,8,18,5,7,18,5,7,17,7,6,17,9,6,16,19,5,16,6,5,15,4,4,15,4,3,15,4,2,15,3,1,15,31,1,14,37,1,13,14,2,13,7,3,13,2,3,12,12,3,11,3,1,11,1,1,10,9,1,9,34,1,8,12,1,7,7,1,6,10,1,5,7,1,4,4,1,3,4,2,3,2,2,2,4,1,2,32,2,2,7,2,1,3,3,1,4,4,1,1,5,1,2,6,1,4,7,1,2,8,1,3,9,1,9,10,1,5,11,1,3,12,1,28,13,1,18,14,1,25,15,1,12,16,1,4,17,1,17,18,1,30,19,1,40,20,1,22,21,1,1,20,1,3,20,2,1,21,2,2,21,3,12,22,3,52,22,4,6,23,4,1,23,5,4,24,5,6,24,6,6,25,6,30,26,6,52,26,7,1,26,8,1,27,8,1,27,9,2,27,10,1,28,11,1,28,12,31,27,12,35,27,11,14,27,10,1,26,10,5,25,10,3,25,9,14,24,9,3,24,8,13,23,8,13,24,8,2,25,8,2,26,8,11,27,8,6,26,7,3,25,7,2,24,7,27,25,7,9,26,7,9,27,7,1,27,6,24,28,6,6,28,5,12,28,4,9,28,3,5,28,2,8,28,1,44,255,0
DateTime=2015-10-01T05:28:29Z
Draws=28,0
GameName=KGoldrunner
Height=20
Hint=
KeyOption=6
Layout=\s         E                ZTTTTTTTTTTT            E   ZH                          ZH         TTTTT     TT     ZH                   H      ZH  Z Z Z Z Z Z Z Z  H      ZH   Z   Z   Z   Z  NH      ZHE Z Z Z Z Z Z Z Z MH      ZH                  NH     H H                   H   HH  H             R     H  H    H             TTTTTTH   H    H          H          H  N HMMFM     NNH           H M HM    MMMMMMHTTT        H   H   MMM        H        H   HTTTTTTMM    TTH    TTTTHM        Z  MF  H     H    H         Z  NMN  H    H    H   MMMMFFMMMM MMMMMMMMMFFFFFFFF
Level=11
Lives=4
Mode=2
Name=
Owner=0
Prefix=kgr
Rules=75
Score=1400
Speed=10
Width=28

[kgr012]
Content=135,75,234,130,114,131,28,129,106,131,25,129,86,130,74,131,41,130,88,131,35,129,211,131,41,255,0
Draws=0
GameName=KGoldrunner
Height=20
Hint=
KeyOption=5
Layout=MZMMMMMMMMMMMMMMMMMMMMMMMMZMMZ                        ZMMZ                        ZMMZ                        ZMMZ            NN          ZMMMMHMMMMMMMMMMMMMMMMMMMMMMMMM  H                       MM  H                       MM  H   N                   MMMMMMMMMMMMMMHMMMMMMMMMMMMMMM            H             MM            H             MM    MM      H       N     MM            HMMMMMMHMMMMMMMM            H      H      MM     N      H      H      MMHMMMMMMMMMMMM      H      MMH  MMMHMMM         H      MMH     H      R     H   E  MMMMMMMMMMMMMMMMMMMMMMMMMMMMM
Level=12
Lives=5
Mode=3
Name=
Owner=0
Prefix=kgr
Rules=75
Score=0
Speed=10
Width=28

[kgr013]
Content=16,2,75,234,15,2,5,14,2,2,13,2,4,12,2,3,11,2,5,10,2,11,11,2,20,134,11,2,46,10,2,1,9,1,5,8,1,17,7,1,39,6,1,10,5,1,22,4,1,8,133,4,1,12,3,1,2,2,1,16,3,1,64,2,1,67,2,2,2,2,3,1,2,4,3,2,5,9,2,6,2,2,7,1,2,8,1,3,8,4,3,9,6,3,10,3,3,11,7,3,12,4,3,13,15,3,14,9,2,14,22,3,14,2,3,15,8,3,16,9,3,17,3,3,18,2,4,18,65,134,4,18,22,5,18,26,134,5,18,113,5,17,2,4,17,5,3,17,6,2,17,3,2,16,3,1,16,3,1,15,4,1,14,4,1,13,4,1,12,5,1,11,4,1,10,3,1,9,2,1,8,2,1,7,4,1,6,3,2,5,4,2,4,3,2,3,3,2,2,1,3,2,2,3,1,13,4,1,11,5,1,16,6,1,13,7,1,11,8,1,15,9,1,23,10,1,31,10,2,30,133,10,2,1,11,2,13,11,3,3,12,3,4,12,4,4,12,5,9,11,5,2,11,6,25,11,7,4,10,7,5,10,8,7,11,8,254,11,8,83,12,8,39,13,8,23,13,9,5,13,10,1,13,11,1,14,11,1,14,12,8,14,13,8,14,14,17,13,14,1,13,13,11,13,14,2,14,14,13,15,14,50,14,14,35,133,14,14,73,15,14,19,16,14,12,16,13,13,17,13,25,17,14,19,16,14,22,133,16,14,10,17,14,11,18,14,29,19,14,1,20,15,1,20,16,1,21,16,18,22,16,16,22,17,1,23,17,5,24,17,14,25,17,17,26,17,26,26,16,6,26,15,1,27,15,5,27,14,2,27,13,2,27,12,1,27,11,1,27,10,2,27,9,3,26,8,3,26,7,6,26,6,5,26,5,6,26,4,4,25,3,3,25,2,4,24,2,2,24,1,7,25,1,10,24,1,23,23,1,20,22,1,22,21,1,9,20,1,9,19,1,4,19,2,38,133,19,2,14,20,2,13,20,3,2,21,4,2,21,5,2,20,5,2,20,6,3,20,7,3,20,8,3,21,8,6,21,9,8,21,10,40,21,11,121,21,12,12,21,13,15,21,14,11,21,15,15,21,16,8,21,15,222,134,21,15,49,22,15,8,23,15,6,23,16,44,24,16,69,133,24,16,31,23,16,28,133,23,16,254,23,16,196,24,16,24,25,16,2,25,15,5,26,15,6,26,14,4,26,13,12,26,12,25,26,11,84,25,11,6,25,12,9,24,12,1,24,13,7,24,14,8,24,15,30,24,16,79,133,24,16,118,25,16,4,26,15,7,26,14,7,27,14,7,27,13,2,27,12,3,27,11,2,27,10,3,27,9,4,27,8,1,26,8,2,26,7,4,26,6,8,26,5,4,26,4,7,26,3,7,26,2,9,26,1,32,25,1,55,24,1,6,23,1,7,22,1,186,23,1,60,22,1,57,134,22,1,30,133,22,1,118,23,1,2,24,1,6,25,1,7,26,1,2,26,2,12,26,3,10,26,4,5,26,5,3,26,6,3,26,7,6,26,8,3,26,9,1,26,10,3,26,11,2,26,12,1,26,13,2,27,14,2,27,15,11,27,16,7,26,16,23,26,17,32,25,17,27,25,18,31,24,18,59,133,24,18,45,23,18,96,24,18,9,25,18,4,25,17,8,26,17,5,26,16,4,26,15,5,26,14,4,26,13,3,26,12,4,26,11,4,26,10,2,25,9,3,25,8,6,25,7,2,25,6,3,25,5,7,25,4,5,25,3,7,25,2,41,25,1,9,24,1,27,23,1,20,22,1,3,22,2,7,21,2,31,22,2,162,133,22,2,30,134,22,2,195,23,2,5,24,2,6,25,2,9,26,2,46,26,3,6,26,4,3,26,5,5,26,6,6,26,7,10,26,8,2,25,9,2,25,10,1,25,11,2,26,11,1,26,12,10,26,13,17,26,14,12,26,15,27,25,15,4,25,16,11,25,17,11,24,17,64,133,24,17,20,23,17,8,23,18,59,133,23,18,115,24,18,3,24,17,1,25,17,3,26,17,14,26,16,7,26,15,1,27,15,3,27,14,3,27,13,3,27,12,3,26,11,5,26,10,2,26,9,5,26,8,2,26,7,2,26,6,3,26,5,4,26,4,2,26,3,4,26,2,6,26,1,10,25,1,22,24,1,14,23,1,17,22,1,11,21,1,3,21,2,25,20,2,25,19,2,15,18,2,34,17,2,9,134,17,2,16,17,3,3,16,3,3,16,4,17,16,5,2,17,6,3,17,7,14,17,8,10,16,9,67,15,9,48,15,10,3,15,11,5,15,12,7,15,13,3,14,13,2,14,14,4,13,14,30,14,14,29,134,14,14,46,13,14,25,12,14,25,12,15,7,12,14,1,11,14,43,12,14,99,134,12,14,23,11,14,6,11,15,5,10,15,1,10,16,21,9,16,2,8,16,6,7,17,6,6,17,2,5,17,65,134,5,17,88,4,17,4,3,17,3,2,17,1,2,16,1,1,16,10,1,15,4,1,14,3,1,13,6,1,12,3,1,11,3,1,10,2,1,9,3,1,8,1,1,7,4,1,6,5,1,5,3,1,4,3,2,4,1,2,3,32,3,3,2,3,2,5,4,2,17,4,1,65,5,1,14,5,2,22,6,2,27,7,2,8,8,2,187,9,2,11,133,9,2,90,134,9,2,17,10,1,2,11,1,3,12,1,1,13,1,4,14,1,5,15,1,30,16,1,10,17,1,4,18,1,4,19,2,13,20,2,25,21,2,26,22,2,82,23,2,15,24,2,36,134,24,2,151,25,2,87,26,2,34,26,3,5,26,4,2,26,5,3,26,6,4,26,7,6,26,8,1,25,8,2,25,9,6,25,10,5,25,11,2,24,11,2,24,12,5,24,13,3,24,14,14,24,15,45,24,16,11,24,17,69,133,24,17,20,23,17,22,133,23,17,48,24,17,7,25,17,7,26,17,2,26,16,5,27,16,2,27,15,3,27,14,4,27,13,1,27,12,2,26,12,1,26,11,2,26,9,3,26,8,2,26,7,2,26,6,3,26,5,3,26,4,2,26,3,1,25,3,4,25,2,5,25,1,3,24,1,41,23,1,16,22,1,6,21,1,7,20,1,29,19,1,11,18,1,17,17,1,7,16,1,3,15,1,4,14,1,8,13,1,8,12,1,3,11,2,5,10,2,23,9,2,14,8,2,92,134,8,2,16,7,2,7,7,3,5,7,4,5,7,5,6,7,6,2,7,7,2,7,8,3,7,9,3,7,10,2,7,11,7,7,12,2,7,13,2,7,14,1,8,14,51,8,15,13,8,16,13,7,17,40,6,17,14,5,17,8,4,17,14,4,18,37,5,18,254,5,18,141,134,5,18,99,4,18,1,4,17,1,3,17,1,2,17,1,1,17,15,1,16,4,1,15,3,1,14,3,1,13,1,1,12,2,1,11,2,1,10,2,1,9,3,1,8,2,1,7,3,2,6,2,2,5,2,2,4,1,3,3,1,3,2,1,3,1,1,4,1,40,3,1,1,4,1,54,5,1,12,6,1,15,7,1,2,8,1,2,9,1,3,10,1,1,11,1,3,12,1,4,13,1,12,14,1,46,15,1,48,255,0
DateTime=2015-10-01T05:38:03Z
Draws=8,16,0
GameName=KGoldrunner
Height=20
Hint=
KeyOption=6
Layout=\s            Z                 E   N     Z R   N   E     HMMMMMMMMMMMMMMMMMMMMMMMH   H                       H   H                       H   H        HHHHHHH        H   H      HHHH   HHHH      H   H      H         H      H   H     HH TN   NT HH     H   H     HH MM   MM HH     H   H    HM           MH    H   H    HM     M     MH    H   H    HM     M     MH    H   H    N M  M   M  M N    H   H      M   MMM   M      H   H       MN     NM       H   H       MMME  MMM       H   H  TTTTTTTTMMMTTTTTTTT  H   HMM        XXX        MMH          XXXXXXXXXXX        \s
Level=13
Lives=5
Mode=2
Name=
Owner=0
Prefix=kgr
Rules=75
Score=0
Speed=10
Width=28

[kgr014]
Content=5,4,75,234,6,4,3,7,4,5,8,4,1,9,4,2,10,4,2,11,4,1,12,4,1,13,4,1,14,4,1,15,4,31,16,4,10,16,5,5,17,5,20,18,5,2,18,6,6,19,6,2,19,7,2,18,7,6,19,8,1,18,7,1,19,8,2,20,8,7,20,7,15,20,8,5,20,9,5,21,9,1,21,10,7,21,11,35,21,12,1,22,12,4,22,13,15,23,13,4,23,14,21,24,14,2,24,15,38,25,15,16,25,16,10,26,16,11,26,17,4,27,17,4,27,18,12,27,19,3,26,19,3,26,20,3,25,20,4,24,20,2,23,20,1,22,20,1,21,20,1,20,20,2,19,20,2,18,20,1,18,19,2,17,19,2,17,18,1,16,18,13,18,18,10,19,18,9,18,18,8,133,18,18,15,17,18,11,133,17,18,7,16,18,2,15,18,4,14,18,7,13,18,1,12,18,2,11,18,1,10,18,3,9,18,1,9,19,13,9,18,40,8,19,4,7,19,12,6,19,7,5,19,13,4,19,14,3,19,10,2,19,115,133,2,19,16,1,19,83,133,1,19,69,1,18,6,2,18,4,2,17,9,3,17,6,3,16,6,4,16,5,5,16,2,6,16,2,7,16,4,8,16,8,9,16,6,10,16,13,11,16,13,11,17,1,12,17,6,13,17,2,14,17,4,15,17,26,16,17,7,17,17,4,18,17,11,19,17,5,20,17,4,21,17,6,22,17,4,23,17,30,24,17,4,25,17,4,26,17,3,27,17,22,28,17,21,28,16,10,28,15,12,28,14,5,28,13,12,28,12,7,28,11,5,28,10,6,28,9,6,28,8,2,28,7,22,27,7,4,27,6,12,27,5,6,26,5,6,26,4,8,26,3,4,25,3,9,25,2,11,25,1,3,24,1,58,23,1,14,22,1,7,21,1,2,20,1,4,19,1,3,18,1,4,17,1,4,16,1,31,15,1,3,14,1,2,13,1,5,12,1,1,11,1,2,10,1,1,9,1,3,8,1,2,7,1,34,6,1,9,5,1,7,4,1,24,3,1,15,2,1,7,1,1,70,255,0
DateTime=2015-10-01T05:42:29Z
Draws=0
GameName=KGoldrunner
Height=20
Hint=
KeyOption=6
Layout=Z                           ZE                          ZTTTTTTTTTTTTTTTTTTTTTTZ     E  R    N             Z    MMMMMMMMMMMM   ME       Z               M  MMM      Z                M           Z                M          Z                 M   ME     Z  ZZZ  Z  Z Z  Z MN MMM    Z  Z  Z Z  Z ZZ Z  M         Z ZZZ  Z  Z ZZ Z   M        Z ZZ   Z  Z Z ZZ    MN  ME  Z Z Z  Z  Z Z ZZ     M  MMM Z Z  Z  ZZ  Z  Z      M     Z                      MN   Z TTTTTTTT              M   Z Z    TTTTTTTTTT        M  ZZ       N       Z        HMMMMMMMMMMMMMMMMMMMMMMMMMMMMMM
Level=14
Lives=4
Mode=2
Name=
Owner=0
Prefix=kgr
Rules=75
Score=9225
Speed=10
Width=28

[kgr015]
Content=12,12,75,234,13,12,8,14,11,7,14,10,3,14,9,1,14,8,4,15,7,3,15,6,4,15,5,4,14,5,4,14,4,6,15,4,15,14,4,33,134,14,4,16,133,14,4,48,13,4,3,12,4,8,11,4,27,133,11,4,37,11,5,7,11,6,5,10,6,1,10,7,7,10,6,19,11,6,2,11,5,11,12,4,6,11,4,7,10,4,5,9,4,24,133,9,4,18,8,4,23,133,8,4,231,7,4,1,6,4,3,5,4,13,4,4,6,4,5,4,3,5,20,3,6,20,3,7,5,3,8,1,4,8,4,4,9,1,5,9,2,6,9,1,6,10,2,7,10,11,6,10,7,5,10,6,5,9,7,6,9,17,7,9,3,7,10,2,8,10,1,9,10,1,10,11,15,11,11,6,12,11,4,13,11,4,14,11,13,15,11,60,14,11,23,14,10,4,14,9,4,14,8,4,14,7,6,14,6,6,14,5,13,14,4,35,134,14,4,17,133,14,4,42,13,4,4,12,4,2,12,3,2,11,3,22,11,4,27,133,11,4,19,10,4,6,9,4,18,133,9,4,30,8,4,114,7,4,6,6,4,8,5,4,4,4,4,34,4,5,2,5,5,5,5,6,5,4,7,254,4,7,83,4,8,4,4,9,14,4,10,19,5,10,7,6,10,4,7,10,5,8,10,3,9,10,2,10,10,2,11,10,3,12,10,39,13,10,13,14,10,21,15,10,4,15,9,11,15,8,5,15,7,10,15,6,9,15,5,18,14,5,2,14,4,29,134,14,4,19,133,14,4,43,15,4,3,16,3,3,17,3,21,17,4,25,134,17,4,18,18,4,9,19,4,29,134,19,4,16,20,4,142,21,4,5,22,4,4,23,4,2,23,5,4,24,5,26,24,6,2,25,7,10,24,7,1,24,8,20,24,9,254,24,9,64,24,10,20,23,10,2,23,9,1,22,9,2,21,9,13,20,9,17,19,9,7,18,9,2,18,10,1,17,10,1,16,10,3,15,10,63,15,11,7,14,11,4,14,12,66,14,13,5,14,14,8,14,15,6,14,16,5,14,17,36,134,14,17,17,133,14,17,28,14,16,1,14,15,5,14,14,4,14,13,7,15,12,20,16,12,25,17,12,37,133,17,12,25,18,12,5,18,13,19,18,14,22,17,14,146,17,15,13,17,16,12,18,16,29,134,18,16,17,19,16,8,20,16,12,134,20,16,44,21,16,23,134,21,16,12,22,16,23,21,16,1,22,16,5,21,16,10,22,16,9,134,22,16,30,23,16,28,134,23,16,13,24,16,109,23,17,3,22,17,10,21,18,5,21,19,8,20,19,5,19,19,3,19,18,2,18,18,2,17,18,6,16,18,5,15,18,6,15,19,1,14,19,6,13,19,3,12,19,25,11,19,4,10,19,11,9,19,16,8,19,22,7,19,17,6,19,46,7,19,84,8,19,3,9,19,71,133,9,19,26,8,19,18,133,8,19,51,9,19,2,10,19,4,11,19,5,12,19,2,12,18,8,13,18,8,14,18,7,14,17,9,15,17,2,15,16,10,15,15,4,15,14,7,16,13,5,16,12,8,16,11,10,15,10,5,15,9,12,15,8,11,15,7,5,15,6,4,15,5,6,15,4,1,14,4,5,14,3,9,14,2,5,14,1,71,255,0
DateTime=2015-10-01T06:18:24Z
Draws=33,0
GameName=KGoldrunner
Height=20
Hint=
KeyOption=6
Layout=\s            Z                           Z                           Z                           H                     MMMHMMHMMHMMM                MNHEMHMEH M                 MMMMMHMMMMM                      H               TTTTTT      H      TTTTTT     N         H         N       T         H         T        TTT    R H      TTT            MMMMMMHMMMMMM                M HEMHMEHNM                 MMHMMHMMHMM                      H                           H              MMMMMMMMMMMMMHMMMMMMMMMMMMMM     N       Z      N       MMMMMMMMMMMMMMMMMMMMMMMMMMMM
Level=15
Lives=5
Mode=2
Name=
Owner=0
Prefix=kgr
Rules=75
Score=0
Speed=10
Width=28

[kgr016]
Content=13,12,75,234,12,12,9,12,13,2,11,13,3,11,14,5,10,15,30,133,10,15,15,10,14,2,9,14,1,9,13,1,9,12,4,9,11,5,9,10,9,10,10,4,11,10,9,12,10,2,12,9,9,13,9,2,13,8,16,14,8,13,15,8,14,16,8,7,17,8,13,17,9,2,18,9,15,18,10,13,19,10,6,20,10,4,21,10,3,22,10,1,22,9,16,22,8,9,21,8,5,21,7,2,20,7,5,19,7,6,18,7,13,18,6,1,17,6,14,16,6,3,15,6,3,14,6,3,13,6,11,12,6,12,11,6,18,10,6,23,9,6,30,9,7,14,8,7,11,8,8,22,8,9,9,8,10,7,8,11,4,8,12,3,8,13,11,8,14,2,9,14,2,9,15,6,10,15,1,10,16,4,11,16,14,11,17,13,10,17,1,10,18,5,10,19,5,9,19,15,8,19,3,8,18,2,7,18,8,7,17,2,6,17,3,6,16,3,5,16,7,5,15,2,4,15,3,4,14,6,4,13,9,4,12,7,4,11,40,4,10,41,5,10,3,6,10,2,7,9,3,8,9,8,8,8,9,7,7,4,6,7,3,5,7,6,4,7,6,3,6,4,2,6,22,1,6,10,1,5,7,2,5,4,3,5,1,3,4,4,4,4,9,5,4,2,6,4,4,6,3,17,6,2,5,5,2,1,5,1,1,4,1,2,3,1,2,2,1,34,3,1,3,4,1,17,5,1,11,133,5,1,69,6,1,4,7,1,1,8,1,1,9,1,1,10,1,1,11,1,1,12,1,1,13,1,2,14,1,33,15,1,1,16,1,1,17,1,2,18,1,2,19,1,25,20,1,1,20,2,8,19,2,21,18,2,33,133,18,2,19,19,2,11,19,3,11,20,3,2,20,4,17,21,4,1,21,5,10,22,5,15,22,6,1,23,6,6,23,7,7,23,8,5,23,9,9,24,9,7,24,10,3,23,10,7,23,11,36,22,11,15,22,12,2,21,12,5,20,12,14,19,12,12,18,12,8,18,13,5,17,12,41,134,17,12,16,16,12,16,16,13,11,16,14,10,16,15,4,17,15,1,17,16,27,18,16,46,19,16,26,18,16,8,17,16,7,16,16,5,15,16,22,16,16,4,17,16,4,18,17,1,19,17,2,20,17,1,21,17,2,22,17,2,22,18,1,23,18,3,24,18,4,25,18,8,26,18,28,27,18,1,27,19,2,27,20,16,28,20,42,28,19,17,27,19,3,27,18,11,26,18,4,26,17,15,26,16,11,27,16,2,27,15,6,28,15,1,28,14,11,28,13,12,28,12,9,28,11,13,27,11,1,27,10,1,26,10,4,25,10,7,26,10,4,27,10,5,28,10,4,28,9,15,28,8,16,27,8,13,26,7,19,26,6,3,27,6,8,28,6,3,28,5,27,28,4,9,27,4,1,27,3,23,26,3,16,26,2,14,27,2,3,27,1,3,28,1,15,27,1,4,255,0
DateTime=2015-10-01T05:49:50Z
Draws=0
GameName=KGoldrunner
Height=20
Hint=
KeyOption=6
Layout=\s            MMMMMMMMMM  MZM  HMMMMMMMMH            M ZM  H     MMMMMMMMMMMMMMH MZMMMMMMHM            N  MHEMZ M    HM HMMMMMMMMMMMM MMMMMZ  HMMMM HM          M       ZTHN  MMMM MMMMMMMMHMMM  MZMM MMH  M   M      MH NM M Z   MMMMHM MMMHMMMMHMMMHM  ZMMZ  M  HM M  HM EMH   HM Z  MZ TMHMMMNMHMMMHMMMMMMMM MMZMZ  MH  M MHM RHM     N   MZ ZT MMMHM MHMHMMMMMMMMMMMM MZ     MHM MH HM        M  ZM ZTTTTMHM MMMMMTTT  TTTMZMZ ZM    MHM   M    N     MZMMZMM TTTMHMMMHM TT    TT MZZMZM    TMH   HM    TTTN  MEZMZ MTT  MMMMMMM TT NTTT TMMMMMZ   T   T   T T    TT     N  Z
Level=16
Lives=5
Mode=2
Name=
Owner=0
Prefix=kgr
Rules=75
Score=0
Speed=10
Width=28

[kgr017]
Content=14,19,75,234,15,19,5,16,19,4,17,19,2,18,19,3,19,19,1,20,19,1,21,19,1,22,19,1,23,19,2,25,19,2,26,19,34,27,19,37,28,19,1,28,18,27,28,17,8,28,16,18,27,16,15,26,16,6,25,16,4,24,16,2,23,16,4,22,15,2,21,15,6,20,15,7,19,15,1,19,14,24,19,13,4,19,12,9,19,11,7,19,10,6,19,9,8,20,9,2,20,8,7,20,7,8,21,6,35,22,6,9,23,6,7,24,6,9,24,7,15,24,8,29,133,24,8,18,23,8,25,133,23,8,16,24,8,9,25,8,8,25,9,24,134,25,9,23,24,9,13,23,9,38,133,23,9,27,24,9,1,24,10,3,25,10,39,134,25,10,22,24,10,7,24,11,2,23,11,35,133,23,11,26,24,11,7,24,12,4,25,12,33,134,25,12,23,24,12,13,24,13,25,134,24,13,18,23,13,4,22,13,11,21,13,3,20,13,4,19,12,9,18,12,9,18,11,5,19,11,7,19,10,5,19,9,1,20,9,11,20,8,12,20,7,7,19,7,10,19,6,41,18,6,14,17,6,10,16,6,45,16,7,7,15,7,34,14,7,66,15,7,21,134,15,7,33,16,7,28,134,16,7,31,17,7,24,134,17,7,30,16,7,3,15,7,46,134,15,7,13,16,7,25,134,16,7,50,15,7,10,14,8,8,13,8,15,12,8,19,13,8,4,13,9,13,14,9,32,133,14,9,22,15,9,1,15,10,2,16,10,8,17,11,45,134,17,11,17,16,11,5,15,11,19,14,11,27,133,14,11,15,14,12,2,15,12,7,15,13,1,16,13,4,16,14,20,17,14,15,16,14,6,15,14,5,14,14,13,13,14,31,134,13,14,15,12,14,9,11,14,7,10,14,4,10,13,17,9,13,6,8,13,6,8,12,9,8,11,6,8,10,8,8,9,6,8,8,24,9,8,9,9,7,22,9,6,5,8,6,23,7,6,40,6,7,9,5,7,56,134,5,7,25,6,7,21,134,6,7,16,5,7,9,5,8,3,4,8,32,133,4,8,18,5,8,1,5,9,7,6,9,13,6,10,17,134,6,10,22,5,10,14,4,10,44,133,4,10,26,5,10,10,5,11,4,6,11,35,134,6,11,26,5,11,7,4,11,8,4,12,1,3,12,2,3,13,29,133,3,13,42,4,13,2,5,13,12,6,13,1,6,14,33,134,6,14,26,7,14,15,8,14,2,8,15,6,9,15,12,8,15,9,7,15,6,7,14,1,6,14,5,5,14,6,5,15,14,6,15,6,7,15,83,7,16,1,7,17,1,7,18,1,7,19,3,7,20,25,7,19,14,6,19,16,5,19,32,4,19,1,4,18,2,3,18,4,2,18,2,2,17,1,1,17,21,2,17,4,3,17,2,3,18,4,4,18,9,4,19,105,134,4,19,16,5,19,21,134,5,19,15,6,19,21,134,6,19,20,7,19,25,134,7,19,15,8,19,19,134,8,19,16,9,19,9,10,19,2,10,18,10,134,10,18,27,11,18,4,12,18,10,13,18,254,13,18,218,12,18,3,11,18,1,10,18,3,9,18,2,9,19,1,8,19,2,7,19,2,6,19,2,5,19,7,4,19,19,3,19,45,2,19,7,3,19,8,4,19,4,5,19,1,6,19,5,7,19,2,8,19,6,8,18,1,9,18,6,10,18,24,11,18,3,12,18,4,13,18,5,14,18,5,15,18,4,16,18,4,17,18,23,18,18,5,19,18,5,20,18,6,21,18,7,22,18,14,23,18,1,23,19,4,24,19,6,25,19,95,26,19,5,27,19,9,28,19,41,27,19,28,26,19,18,25,19,4,24,19,5,23,19,20,22,19,6,21,19,8,20,19,13,19,19,104,133,19,19,42,18,19,23,133,18,19,58,19,19,3,20,19,3,21,19,1,22,18,4,23,18,7,24,18,7,25,18,11,26,17,9,27,17,4,27,16,7,28,16,4,28,15,4,28,14,11,28,13,5,28,12,9,28,11,5,28,10,7,28,9,4,28,8,3,28,7,1,27,7,3,27,6,2,27,5,2,26,5,1,26,4,2,26,3,2,25,3,2,25,2,30,26,2,10,26,1,50,25,1,28,24,1,19,23,1,8,22,1,12,23,1,9,24,1,4,25,1,2,26,1,4,27,1,10,28,1,10,27,1,5,255,0
DateTime=2015-10-01T05:51:56Z
Draws=60,68,16,45,49,81,5,10,12,72,67,67,11,61,55,51,90,48,0
GameName=KGoldrunner
Height=20
Hint=
KeyOption=6
Layout=Z  Z   Z   Z    Z   Z   Z  ZZ  Z   Z   Z    Z   Z   Z  ZHMMHNMMHEMMHEMMEHMMEHMMNHMMHHMMMMMMMMMMMMMMMMMMMMMMMMMMHH                          HH                          HH                          HHMM   MMHMM      MMHMM   MMHH MMMMM HMMMMMMMMMMH MMMMM HH MMM M H MMNMMMMM H M MMM HH MNMMM H MMMMM MM H MMMNM HH MMMNM H MMM MMMM H MNMMM HH M MMM H MMMMMMMM H MMM M HH MMM M H M N  N M H M MMM HH MMMMM H MMMMMMMM H MMMMM HHTTTTTTTHTTTTTTTTTTHTTTTTTTHH                          HH                          HH            R             HMMMMMMMMMMMMMMMMMMMMMMMMMMMM
Level=17
Lives=4
Mode=2
Name=
Owner=0
Prefix=kgr
Rules=75
Score=5550
Speed=10
Width=28

[kgr018]
Content=2,19,75,234,3,19,6,4,19,2,5,19,1,6,19,8,7,19,5,8,19,11,9,19,1,10,19,45,133,10,19,62,11,19,5,12,19,3,13,19,4,14,19,9,15,19,31,134,15,19,27,16,19,5,17,19,15,18,19,31,134,18,19,20,19,19,4,20,19,18,21,19,9,22,19,11,23,19,14,24,19,55,134,24,19,61,24,18,3,24,17,4,24,16,4,24,15,5,24,14,5,24,13,4,24,12,1,25,12,3,25,11,6,25,10,1,26,10,3,26,9,38,26,10,3,25,10,35,24,10,2,24,9,12,23,9,29,23,8,5,22,8,6,21,8,11,20,8,7,20,9,15,20,8,18,19,8,5,19,7,6,18,7,2,17,7,33,16,7,46,16,8,5,16,9,18,15,9,3,15,8,16,15,7,17,15,8,9,16,8,7,16,7,13,17,7,4,17,8,16,17,9,11,17,10,16,16,10,5,16,9,1,15,9,12,14,9,5,14,10,5,14,9,4,14,8,8,13,8,2,12,8,9,12,9,11,11,9,10,11,10,1,12,10,2,12,11,11,12,12,5,11,12,1,11,13,7,10,13,22,11,13,1,11,12,8,12,12,3,12,11,1,13,11,9,13,10,6,13,9,2,12,9,3,12,8,15,12,7,13,11,7,29,10,7,16,10,6,3,9,6,57,8,6,11,7,6,11,6,6,12,5,6,33,4,6,16,3,6,83,4,5,5,5,4,48,6,4,8,7,4,4,8,4,3,9,4,7,10,4,16,11,4,24,12,4,18,13,4,30,13,3,5,12,3,3,12,2,2,11,2,9,11,1,2,12,1,8,13,1,5,14,1,4,15,1,5,16,1,9,17,1,63,18,1,38,255,0
DateTime=2015-10-01T06:47:06Z
Draws=34,7,73,75,13,68,6,0
GameName=KGoldrunner
Height=20
Hint=
KeyOption=6
Layout=Z   E           N    E     ZMFMHMFMMMMMHMFMHMMMHMMMMMMMMM  H   H   H   H   H   H  MMM  H   H   HN  H   H   H  MMMMMHMMMMMMMMMMMHMFMMMMMHMMMMM  H   H   H   H   H   H  MMM NH   HNE H   H   H   H  MMMMMHMFMHMMMHMFMMMFMHMFMMMMMMM  H   H   H   H   H   H  MMM  H   H   H   HN  H   HN MMMMMMMMMHMFMHMMMHMFMHMMMHMMMMM  H   H   H   H   H   H  MMM  HE  H  NH   H   H   H  MMMMMHMFMMMMMMMFMHMFMHMFMHMMMMM  H   H   H   H   H   H  MMM  H   H   H   H   H   H  MMMMMHMMMMMMMHMMMMMMMMMFMHMMMMM  H   H   H   H   H   H  MMMR H   H   H N H   HE  H  MMMMMMMMMMMMMMMMMMMMMMMMMMMMMM
Level=18
Lives=4
Mode=2
Name=
Owner=0
Prefix=kgr
Rules=75
Score=75
Speed=10
Width=28
